8319
1710
1428
104618
1405
2312
1253
1234
128436
1512
132448
117815
5042
135817
3272
121774
2765
165866
3341
35042
19351
15048
15125
28526
2579
32880
18051
5969
26705
3871
3461
3947
3221
173644
108570
98788
97895
2402
120185
94396
182224
35010
3126
165548
130565
2253
115504
122714
114758
124722
125419
116324
144063
120849
15794
9207
15096
14251
16867
26631
31902
28563
2614
35650
18665
15098
3023
2900
5612
4741
3769
3070
4280
3667
213896
106855
228068
174893
3076
1933
117795
123154
3372
3399
122108
2921
115124
110991
127509
170814
120415
113534
108044
124113
114219
4948
120843
190854
121099
5721
127877
112260
111372
186297
116399
111891
108765
3217
117977
111510
2604
168306
111964
106054
125411
107949
106449
104791
3162
4434
210525
3463
4209
2487
129028
102413
98433
104802
108684
99152
99594
102905
92135
108116
103288
48790
47756
65723
89158
90682
93379
92440
91693
111135
1905
99020
87270
183564
159841
21696
17636
18502
19332
22105
18352
17504
18768
18054
17468
19846
46097
41142
26025
115921
115990
107175
115348
99089
164245
109687
112606
3759
169910
28185
120114
111747
107851
111316
110114
112439
2215
98189
91607
96805
1980
107130
100715
152910
26828
24722
22204
3504
24981
21631
28852
25293
87869
73241
93926
112549
86269
2644
116627
95513
91807
101825
90901
91925
94988
91717
94379
94598
90304
104099
98566
96694
108962
95903
102595
90644
96566
92382
91053
91067
90091
91202
100594
88921
89777
111526
89083
90158
2128
97514
96863
91978
85874
110272
103029
106171
90494
104150
84697
100816
96942
98942
98472
107595
95344
100221
86544
91776
90843
101219
89397
99703
1766
93324
91259
91835
90887
98438
85719
98255
1786
102530
103698
95040
92260
89984
102183
105267
98943
91340
92530
94182
1890
106245
87818
106149
86749
102025
1764
96369
130059
105042
114000
99120
99628
103033
111762
92361
94736
95048
104828
92205
97649
89807
100821
107493
86404
113686
99999
117394
14047
12438
11810
12304
13393
11801
15172
19202
13795
12296
12506
12286
12960
11835
13749
11733
31780
29785
25904
17881
19255
15095
20050
17390
19495
19400
19492
17734
2536
95387
111994
91779
2651
100481
94282
103198
104870
98494
96367
2685
102522
99040
99874
92353
107922
98021
94708
119729
88133
101668
88051
114724
88853
115727
85003
93558
90558
91889
113217
101510
90706
93038
91744
97785
90233
92902
91399
91390
92602
98047
90825
91952
94693
91236
93775
2555
1598
2420
1663
2074
121539
1912
1970
1461
1582
126877
1851
1923
112763
108375
2008
1606
1668
111756
115687
91550
1878
106103
92725
1822
1727
104687
89548
97900
89917
103370
128374
96442
125179
115428
2269
1139
112052
2019
110633
1933
97137
89733
102478
1928
108772
89407
2402
243167
18889
1870
18701
13727
17480
19373
3140
17464
15809
17662
15225
14198
86322
90000
102764
96195
91268
91948
100764
124541
114546
111245
112765
124627
110673
109085
108285
102757
96963
101811
96073
92646
2597
98858
121762
98965
91471
93834
100069
93314
101487
111893
93513
96215
101954
90644
91648
89935
2696
108266
99882
91234
2504
109338
99073
97323
100228
94079
90821
90974
86257
107069
108690
97002
107127
107259
101445
108875
90077
99209
99749
84646
95410
100584
109639
92689
90201
101020
89555
100922
86656
92609
90777
99535
2203
99297
88840
123942
89789
98540
90420
99531
94628
141323
16320
15866
15107
14104
12158
13929
25821
14353
13018
12424
11712
14507
12491
23129
2677
41005
20528
21393
20724
24947
20292
20133
19668
23197
18675
17580
17252
17304
17165
18107
16368
17114
30442
19276
28850
1692
20633
96830
100489
91701
93279
93254
101417
95464
92111
109104
91197
94403
96764
89937
2924
101381
92214
90062
102642
2591
99224
90767
92282
105386
96621
160095
27380
26772
25209
25437
28101
22822
23774
21484
20475
19515
19401
18693
25438
20241
19983
2626
23045
19930
19768
18776
18404
17987
17965
17385
17764
17446
17434
17983
19141
67581
65685
93262
92772
93495
92052
101048
103087
154076
37020
26522
24603
21568
31240
32779
25399
21664
20571
19115
19615
18158
17061
16849
17123
22490
1922
28116
19104
17755
16946
18239
17743
16645
17021
17335
29948
99526
122318
82605
120947
133364
18500
34279
24863
25973
30000
18278
18097
18835
13276
18588
16849
17158
17154
18544
18257
17583
16239
18922
16770
18432
2004
2169
18712
24983
17192
17272
17025
16966
51755
68416
92993
91966
100131
91932
86330
99357
97370
101874
89401
90787
89714
95355
96629
113173
93038
92670
94050
113424
93119
97513
109524
106498
88981
98226
88204
103649
85970
107262
86836
180090
157785
15737
12714
13228
36581
12264
11634
12403
9786
11991
11250
12587
10046
12246
11410
12845
11652
15504
10977
12603
11567
61560
14516
19448
16713
16863
16441
17278
14322
17630
13023
16785
16273
17663
16191
19437
13394
17572
15238
20255
13616
17541
15709
17038
13743
18907
15137
18142
15923
17319
16367
26067
15981
22472
28633
21951
16560
19185
14578
17255
15396
18517
16053
18597
1680
19233
16588
21432
18073
17685
17902
18432
17805
51066
70460
89869
107447
91511
91691
89784
89424
90499
90640
91806
93566
91506
89886
89627
113979
90404
99103
91301
91081
91936
90422
98021
86090
92352
95241
97690
88535
90624
89310
90973
103535
104833
88741
101390
100861
99113
97850
96704
95514
89729
98466
97978
92312
90284
96114
85447
90353
109198
105665
89023
92087
89880
113141
88578
105351
86359
107262
86051
101116
1704
95621
95891
95120
89042
233148
218243
20212
13483
15976
13546
17625
10999
13716
11480
140483
126491
127463
108626
129000
113220
117159
100499
110180
105761
112750
112420
114005
109754
112339
116713
110564
2727
117253
115777
111543
121946
109042
103436
134765
115454
106266
121728
104454
102595
106277
106540
104368
103475
2713
131663
3091
119948
108293
127687
114871
112619
105147
111143
108534
105224
118954
118235
114409
113610
113118
106662
109169
110550
109740
106778
123125
3290
107704
101161
104791
95678
98744
95279
99243
94056
100704
111154
105099
98816
102370
92435
124567
98674
94241
114969
106901
126434
87899
101806
89837
107066
119990
88128
96522
100652
85451
100094
98130
98540
88657
92163
89889
88361
156008
116860
123225
136254
111778
101527
113341
107875
97173
94259
96851
109122
99203
88844
109887
107054
61050
78344
77409
77499
79103
76793
77272
110870
97912
89850
153424
102916
105592
133659
101558
101461
118147
105674
90116
125044
108996
110797
118257
103968
132523
114619
142496
107010
103728
99094
106333
103730
114030
91772
108843
89549
90455
90487
88844
88880
90745
98417
89054
97512
86753
93066
108226
95345
92916
80396
74038
78355
105532
91032
88700
94867
100164
110861
130471
106971
95212
95143
92779
89293
105150
130556
143422
14961
16694
19901
23374
16472
13938
14309
14077
13528
13841
17678
14879
13535
133598
104393
126105
134187
100223
94587
129660
89234
110439
128098
90714
105011
102319
88579
88687
89686
114799
94680
95236
92141
89004
90187
88545
120676
86693
95441
85795
94430
90916
104624
110031
79955
76636
89934
96895
99047
96604
123936
87543
99259
86529
89585
91735
90567
90317
91530
109513
91324
90314
99379
91218
107994
97257
97111
91560
105497
118033
106342
91189
92784
98349
118070
104154
97714
97075
94677
99325
101487
91075
99112
112022
106540
103004
94094
92927
97805
106712
86459
110850
88484
100651
94829
102085
85777
105256
84917
106053
87901
101830
89052
122690
96760
108113
89252
101667
96188
96337
90241
101359
88233
99228
89278
109862
110963
106847
88172
93596
98710
90153
103042
88191
105705
123820
99467
90598
98208
90880
92676
99744
89559
88366
87695
117677
87135
97230
91687
97788
90598
87717
77985
92965
90822
108514
74889
100154
77854
78208
94088
92076
94329
109084
93061
95030
75649
339427
187378
13522
16924
12486
10723
13340
12248
11593
18594
11533
12461
11968
13501
11536
23317
129115
118134
102459
254224
14206
14453
28003
125945
104539
126931
99596
132089
137074
100782
109814
124484
122508
15115
5184
15105
15472
14866
14898
17112
16238
15591
15332
123302
120023
108507
109368
106932
115847
115904
109767
187260
18904
16218
20359
19430
20176
16583
17040
36193
31054
72513
113202
120344
115023
114507
111471
106403
100794
94927
101902
109060
159870
100883
115783
98110
166497
75871
97978
108038
87831
117274
125307
109932
101383
105402
101798
1745
109027
91174
104306
87620
99317
91615
104747
112704
92598
90039
91213
98065
89533
92103
87635
88444
95498
88982
92114
88995
94485
112392
107744
107355
106550
114071
107367
80287
85758
77457
78095
75400
100353
77130
80476
78208
87246
79621
104200
98251
76950
114951
81112
92556
107497
88069
106092
88406
81233
94059
88553
107747
131807
105952
94574
91322
90754
91431
89164
89085
89557
91658
95481
90478
186525
176222
28501
13675
17470
13586
12475
13491
12941
12309
23390
13345
13436
13315
12107
23293
22264
22733
16898
27693
17786
17366
15917
17122
29519
18324
18085
27436
19901
16461
17107
36933
20071
16973
17340
18378
16612
16726
19313
17296
17041
27303
110054
85195
89317
117590
121996
105322
121293
99937
100043
111945
90448
103562
90441
93362
89853
92086
93094
162968
136596
17205
2211
19504
18555
19906
18545
27255
28659
26977
55478
21088
18659
21480
30325
16652
19026
28163
18972
17965
17100
30429
40950
19288
21575
28069
112602
91593
96892
103725
142067
90353
106692
171775
21724
20917
25004
30202
44283
58829
23037
19401
19140
29918
19255
19157
30258
19790
37020
37756
172685
21946
21373
32476
32722
28619
21252
55305
72257
70480
102353
87295
102480
117049
102988
100092
111535
106934
275386
159329
29493
18349
19870
18102
18132
17597
17102
16410
17896
17414
16815
18223
16960
17488
20318
27236
19139
28541
19100
17796
18167
17316
18421
95514
91301
94572
95550
87011
90516
90760
90985
98792
90476
114380
91673
91426
90470
100239
89311
91402
103940
108037
123396
12195
22113
25743
10450
30902
21518
20284
20096
35045
15766
19019
19540
17770
17731
17142
16969
16674
18406
17283
17063
17153
16843
16613
16885
16437
17009
16523
17443
43746
15549
18588
27418
18638
18005
27890
19180
18097
17250
16929
16780
17464
16882
18242
28326
17724
18597
17782
24627
18413
16474
16703
16422
65434
66992
112878
90251
91301
86713
96366
90810
96972
87931
110072
99072
87946
89636
110009
91120
89885
99436
90022
90344
90330
90154
92317
89208
96909
102462
156883
19888
17943
16715
16836
3502
3164
3330
2867
3434
2883
2496
17809
2748
2123
27723
2882
2868
22511
3528
3088
3070
30733
24990
26026
23995
24192
2506
2360
2669
26817
26174
2837
22651
21357
20822
19951
2729
2716
22501
2887
21546
40776
32281
64509
110271
2255
198351
34436
2224
28694
21053
19050
1965
18343
17646
17335
16859
18823
17029
16604
3485
27263
24255
19489
21236
96015
118149
20822
2895
23148
22149
33061
22202
20884
31475
23070
20750
77597
92957
96746
211086
179037
32045
21144
20052
26847
1968
23762
36439
38159
56585
38520
22053
76856
73331
107987
109610
109719
101132
169174
3023
24324
30901
19550
20569
2198
19811
21328
33800
18151
1939
18952
19177
17900
68182
51971
95235
71745
51171
89151
69999
68874
253632
207977
25264
38502
32098
21130
20187
20612
16388
21397
29752
40635
19326
18342
20665
21465
2051
33401
112894
1975
114837
103585
97582
113090
101738
105034
91357
87677
105403
99427
107120
104422
2200
122484
104123
105524
119384
102771
104140
115360
108637
108695
130869
144078
13842
16227
14214
13957
13858
13157
13577
13384
13574
13485
13592
19623
27253
25745
17846
29124
32242
31929
19724
25028
19916
18889
17424
18115
17355
16819
17406
18065
30448
17310
16642
16618
18463
18604
16955
16586
16526
17139
17078
29803
29759
18908
30231
17853
17416
17731
16669
17095
16807
13633
18150
33827
14993
17856
18057
16801
16562
50329
1813
93961
92802
90257
99070
92027
104329
85422
119473
86044
105265
88044
115844
102162
2722
99225
104014
102233
120056
105531
99962
100717
99352
109046
98461
103377
116689
105980
115571
97093
106381
91235
103510
92400
101984
107679
106751
96360
95040
97945
98137
96213
85436
104553
90306
2607
98466
101462
104189
99322
99475
942820
596083
17474
16459
14485
15055
9589
23973
15876
24919
26742
20784
16632
19572
16214
17822
16553
18489
18174
26803
17011
17802
16745
16832
17108
1711
17846
51681
26200
82054
122803
198100
196564
26162
19252
20183
19209
31547
51755
51235
117780
27389
18472
23765
27120
13604
99858
100560
102740
92807
93296
96929
95403
86588
100684
109477
84636
125691
97327
88873
103342
102699
99193
147228
31252
32365
17972
30075
16656
17326
13701
27643
19760
18617
16723
16576
16444
16871
19851
17261
30600
15294
26734
18199
25846
17108
15761
19922
80033
118941
104108
86665
103455
100258
95765
107790
100020
104012
90060
101220
105924
78982
91994
89577
83899
80982
77763
83589
88426
101023
122967
94400
84467
76826
84507
91273
77203
78066
116729
85998
117637
108965
89931
2123
126294
90034
93069
89356
89594
91187
89266
104549
89112
88759
109696
90054
89532
103390
91391
97831
91096
96153
98965
205439
204206
22621
15848
2247
15908
14977
14766
37244
14495
14840
15687
23203
27280
27468
2230
21908
20196
19778
24283
24295
25244
20759
16678
19512
29787
17092
18864
52947
126253
91103
129233
109579
95849
98813
103558
91652
96760
102341
155057
22036
18444
17599
19510
18496
180797
116333
103243
118021
112117
114322
100169
103488
125699
31739
27255
25268
17069
16426
17707
16522
16155
26099
17529
16249
15846
50759
89000
99415
99514
88480
91471
106146
86379
101965
89614
2756
106484
81150
79997
81678
78873
89428
91798
88532
76601
99593
90935
90576
91774
108843
97394
115592
118119
111628
89283
82653
79139
79691
77439
79405
93354
76551
77578
91894
92238
89493
91492
99205
87744
105779
90739
89480
90891
105546
91804
89501
78945
78117
90772
91085
89310
94032
89066
90079
87438
90534
89771
89692
91228
86133
89897
109838
83696
90178
91338
88710
90529
108386
87289
89224
93136
83149
89859
88678
83249
79749
83351
75031
85974
91420
90371
78081
2287
86885
114455
90471
93365
90947
95605
91419
90562
91054
89268
89310
117906
90209
109261
90861
100567
89024
90715
107534
92750
87584
232737
207427
16139
12743
13416
13105
14371
12382
12560
11704
12292
11851
14818
12504
12729
11865
12338
22921
22591
22750
22477
16486
26100
16259
17404
17815
16967
30362
19193
17689
18789
17359
19046
16885
17549
17109
16572
16629
17156
29466
118065
123487
116457
111186
107919
136123
111520
104193
100536
100197
97038
101165
97332
100169
95458
92583
95454
96759
138196
138433
224377
97548
97680
97933
102407
101790
105382
99524
104003
95530
180420
18352
18064
17109
16755
19874
16611
32855
28267
23491
36105
52179
29914
22554
19447
24180
17295
37983
40855
41817
26024
16688
19914
19155
23362
14406
17780
59234
19518
36392
16605
156111
39309
54972
51047
31752
37147
21584
16849
82040
124443
34101
18998
23192
28933
82314
68515
67031
100048
114480
100892
107038
100478
105710
111554
111745
103502
106379
104061
103362
107564
102225
101024
101591
113453
109839
98149
101955
101554
116977
105122
101917
115203
118350
152122
116993
114933
87831
90156
88973
109085
97505
89910
87342
88026
101463
98327
90984
128442
103114
119193
117060
111619
130445
110565
173675
215731
15971
22094
14264
13395
14168
2429
15266
14103
13757
13420
14899
13846
14750
13067
13359
25936
27221
25726
20207
37887
23096
20123
27204
21326
19666
28883
29461
17195
21487
20087
19763
19115
19409
19809
19190
19881
31657
19337
29069
15266
21125
20187
21862
21056
69739
358369
235618
45180
18158
31270
21945
21744
22106
35088
19477
17607
72608
95566
97712
99026
90140
92503
90617
100280
88021
106683
88930
94759
135971
109306
104322
130193
89412
101251
119162
89060
91109
107177
87576
102277
106382
76704
82680
110278
87670
91093
91573
78970
92575
92037
91091
116334
102037
100317
100916
88120
78064
91465
86657
103978
95692
104005
91731
90775
88704
79537
78542
77569
94493
97112
89597
89275
93034
89295
100907
88813
89126
114136
88631
90287
89642
89393
91869
95275
97989
89851
401790
311277
12663
23631
13699
11838
12089
12154
12160
11630
11623
11752
29202
111469
10956
23392
34156
30921
21792
31460
20204
18714
19497
17467
17413
17312
16974
16683
17586
16905
16916
28455
20834
18090
18187
16995
16709
17027
13488
55751
106874
90182
89006
91309
104973
90240
93046
90021
90764
91219
90135
87856
88919
84761
91910
91430
87737
89972
106115
89100
111821
107321
106591
114448
116044
100115
91236
88857
88541
92110
100297
97135
90788
96870
99074
90712
102985
85520
85585
244910
209855
17003
25825
15519
14464
13995
13768
13605
16572
2647
15418
15438
13204
32616
37239
26769
18843
23132
22316
29920
23496
19897
35351
28851
28574
20587
19578
21511
31341
24178
18439
72418
25851
33823
21869
16928
19871
19392
19475
19539
19624
20274
18874
20533
21017
23483
22687
25181
117346
103242
128869
34385
55781
27548
20893
20977
22389
18987
50314
15895
37208
28993
40966
21576
27787
39339
29913
30666
20045
20520
28308
19406
20909
27697
89922
66752
96481
73061
99081
96922
70528
103993
103273
100286
118104
103978
2239
111409
99308
101906
123381
97426
106936
88522
93350
91453
82793
87779
83766
76412
75819
73056
83667
88657
94878
107328
88128
108336
84364
97440
86126
90475
89323
92783
89700
93822
91024
78761
87301
78083
89394
113399
120310
79382
102928
77622
80331
78205
100547
83659
80070
112016
109064
122952
145724
122296
104146
111556
102103
108610
106648
110418
98492
107676
125502
107818
108785
102896
101696
105213
85594
90498
1956
100845
108754
90518
152049
15039
13901
24609
20793
12828
22927
13913
13188
12416
12137
12352
11696
25829
48578
41216
36412
13388
24712
27209
19743
23709
25783
29128
17907
28264
38775
27866
25337
107905
90467
79216
78218
106053
99305
115193
99064
106682
106080
88095
121092
111159
96678
102197
150525
96993
119797
16531
16756
16998
17289
16523
16333
15789
15413
15190
15432
19865
14739
23687
16558
16323
18280
24744
18080
39731
17394
18783
71022
49539
92334
89759
90559
118744
120693
29071
18028
26924
17442
16149
15828
15366
18536
15756
26860
16466
24951
16881
32583
24689
18101
21293
27923
18211
17229
43966
70655
69111
81690
125075
65820
92868
95181
61943
89501
85000
74885
85084
77060
91697
115469
156974
286956
192387
243040
25405
16922
25365
23804
18771
17095
30085
33926
13661
28600
30241
20229
39496
37825
22269
26287
19128
20025
23112
21252
13446
84708
103882
110757
96829
112503
128858
124864
102210
120808
106544
101700
108286
111803
125342
86697
102895
95539
102648
97783
112296
115865
114914
98499
98008
108744
95709
77009
76297
87011
74663
86309
98058
83690
94820
86168
90987
90442
124820
86384
97160
88718
91994
89705
72622
75653
78742
92533
93452
77529
75362
77028
76076
74181
79027
89347
73953
77839
77688
78600
61370
77306
77289
87417
103774
87170
78513
76370
75604
72025
86843
78732
78682
78298
132278
14456
26326
13473
30022
19978
21031
26585
13799
14360
19955
11569
33566
21997
18251
21842
28528
16837
16854
16489
15688
13384
49391
49575
49553
49661
48830
51612
70903
85200
87196
87460
88444
87180
89132
86621
97953
87064
87590
90723
93835
95214
90196
94867
95690
91394
87370
88491
96445
87863
83697
84387
89418
78735
81075
78762
60975
89722
89181
76818
73853
76105
78411
156390
100880
92335
98357
87446
90406
87663
86488
116870
89611
122241
306956
292896
858847
796686
110343
121753
95948
102350
94135
87762
99929
86028
130942
105134
245026
222544
329853
410605
12961
13426
16830
13206
14271
13436
22474
13782
23264
14889
13211
13594
12349
25082
23584
26737
19402
31323
19165
20385
19062
20148
18744
15752
27084
18503
18854
18907
17604
14200
24007
89096
51621
119649
173592
105819
95715
119991
85940
89524
148133
90651
118137
198409
33589
23061
21299
22716
15948
16349
15686
26758
22668
22326
94043
105334
102295
83920
93044
87183
89448
84759
88573
82070
81479
85379
75238
77229
126390
90768
107316
121772
92590
84742
91165
61217
76600
99567
89861
59656
77237
110588
83831
92195
77352
89190
109386
91352
99256
103168
88796
91240
83014
93584
132964
12030
13174
9072
19186
22198
11709
11458
12367
12084
20687
13541
12967
13443
23973
24972
22929
15587
16211
36509
29925
17416
18433
24656
31217
22148
17202
22089
23613
20212
18896
44870
30407
24182
31781
15609
22657
22278
79575
105831
130931
96529
97447
91859
133439
98293
108009
88649
98296
88647
96495
2903
98006
91576
100259
102114
195098
170837
15465
20877
23488
22344
17414
16432
30357
26214
22140
24001
26237
28849
27410
17198
18167
18367
17128
16702
18955
16916
20575
23369
15141
27916
25692
18076
27780
36229
129520
105927
93884
120210
93851
98283
91254
87292
97696
95869
150527
91847
95045
95785
89929
98728
75958
88158
96968
92116
92728
93283
91707
89337
123999
91438
90068
92459
90455
90469
82882
78517
77950
73882
82452
77474
80950
105265
90798
79378
91000
78102
78051
77995
90401
80346
95677
78363
118964
138308
108310
111467
95685
105003
111536
90435
106654
199713
168002
14818
24609
21032
19153
25338
22200
13237
12684
11944
12797
14063
12571
23901
25549
25447
18627
17851
16845
16970
16355
16801
17206
22539
16306
16053
16315
15999
16547
16221
16242
16936
13427
20480
18689
13741
18067
16861
15597
17319
17295
16653
17070
17134
16961
16658
16690
50948
68125
66462
104140
98843
89883
90204
105798
104323
89737
93422
91564
90196
88040
92150
92024
90444
89725
89359
100822
89391
101089
92092
115568
99329
202851
183967
16100
15491
15953
14540
15135
27050
26828
19913
21205
19327
20818
50206
19575
21124
20497
26321
19216
25812
16928
19444
15748
36971
14145
35062
19010
24069
29477
29705
26622
19778
26311
22117
34276
50838
20166
21781
78188
106660
94755
137905
16769
32076
18637
17908
15825
29915
22268
19802
32355
15675
14063
18490
17209
25753
18260
18429
18759
99515
120865
95781
107030
98186
113704
110058
89648
95540
95433
94268
200189
154461
29770
23418
23760
27887
40522
24262
17109
18426
16553
15645
23002
17328
29938
14019
22455
26667
22813
15628
17699
16116
16277
16101
48768
105223
126606
92569
96859
118768
104069
92333
74654
75899
89149
62287
96186
99275
87600
91451
86569
95016
97506
99814
126486
129663
93193
101532
95448
95482
89340
97705
84982
116919
77450
134307
86293
103088
304857
295737
410074
86017
85754
87985
88620
83147
97442
82919
110778
88015
80642
77257
86396
96933
88834
88828
105839
98888
104688
109899
105693
98910
191963
205830
109827
87597
79002
79225
77719
100749
94148
105251
110461
94567
77158
91700
87598
111857
89742
87360
85917
86263
91387
87303
112136
85759
99013
97542
95955
94367
76478
89191
75154
73311
94281
87220
83159
77000
74065
101151
81665
82545
84527
74590
71121
1864
94810
74436
79488
246272
195943
264174
96938
98570
89163
86536
75094
78236
83190
74808
74114
88829
104957
88671
90839
86243
87531
87201
75036
76861
103697
98423
114662
96174
104708
97096
92170
108769
62552
77536
89591
90675
88019
86642
77109
76032
75000
143844
110689
125800
114032
82470
83050
76123
94769
82516
80242
89499
106092
100146
111828
80639
72861
109124
94321
111814
91045
90131
102052
91138
101805
120261
103095
96288
84506
101398
108198
82256
94187
88224
89595
79804
82129
75705
87363
74282
74393
92929
66563
79157
133481
79827
94550
82176
110388
94818
124240
100257
78218
78515
97891
100232
106016
86396
108714
98295
77064
98426
2065
92047
99375
88840
78971
75642
85680
109753
85765
125055
12387
8206
13233
12264
17378
11618
10920
20940
12080
26452
8174
13779
14974
12484
80866
76953
122214
93395
89642
98156
97949
101792
75341
75248
96547
89056
85037
85568
86526
86002
82640
88923
89757
94919
91729
85142
86230
87648
91879
85393
75401
95264
84791
74844
74270
83757
82732
74543
82774
77670
75693
76707
75238
108071
75029
76515
83102
75341
74205
84253
91036
86868
74865
79289
75146
99319
96826
98486
104481
93826
96718
85941
90697
75289
73568
84430
78110
120873
105849
104829
95552
118778
131783
136969
120226
108525
109031
90376
61107
121352
84216
95682
90868
87778
87958
78674
81967
63054
84685
78787
77831
76748
94942
85858
88644
100226
84246
83571
99482
79013
75442
77745
122747
86150
85871
100458
90320
87290
95514
97766
96191
100537
94874
114243
84836
112538
86548
76817
82097
75182
91216
101068
86836
85819
76618
76429
83952
88119
89075
91576
90786
88651
87840
88373
87218
86176
85516
78241
103015
79129
89642
87897
100245
87495
89796
88894
104341
103627
91458
87920
91576
89587
85354
78153
77289
76329
74453
77243
87276
89496
86799
96412
75020
78327
77392
88570
95839
136440
115802
104245
105878
104920
103617
98928
100399
101196
107467
103909
109590
102740
106454
102438
108379
133978
132684
19651
26658
14578
12929
18181
102698
106167
98685
86706
98091
100354
92767
102554
90824
89173
111119
110423
98270
88833
139168
94669
112706
97440
89540
93248
90448
89480
92232
100081
80111
76044
77844
90061
92373
95697
90402
92454
105972
87297
99276
88034
94220
88472
91909
89042
89904
85548
100651
93487
81641
93957
160294
23778
16101
26895
14887
17455
18812
14889
14266
13381
19085
15866
115619
87892
90970
97704
106448
88855
96227
88044
88055
112179
114307
106074
88856
106378
86379
106047
85790
160562
91520
92726
90827
99905
94612
95236
90338
97480
130252
116162
102697
131602
107006
127041
99054
125425
104265
107461
99092
114185
103184
2749
1710
2731
1604
2606
119349
107402
2285
113485
92091
2759
2570
2235
2714
143505
2970
2776
1762
145122
119891
113114
1782
1449
1707
1660
1550
125239
93102
108179
112975
112332
2019
104717
86463
2111
110022
2018
127847
2057
90638
1607
2319
1438
114709
2242
109038
99311
1989
122148
104045
100333
85674
102843
83904
88550
96976
117251
1867
90499
91474
88734
87432
108579
85918
92936
85774
88479
91675
89988
99242
86613
118213
11466
22041
1763
21458
12141
18917
12967
1914
12480
12502
12051
13819
36124
125973
97793
94314
82241
97499
1628
97870
96849
99710
105119
73680
149064
171836
116965
162599
113449
150853
120841
110648
124755
96403
99226
95738
90911
102696
89452
87975
87574
86004
108964
126465
104378
89864
155316
119350
102908
2223
99147
90258
82943
95731
138767
102460
130032
96739
1918
93038
87048
84062
86796
146512
110429
146010
172668
157259
14431
12261
1968
14007
13640
12429
12273
36389
16830
9500
31463
13538
13616
84889
82150
127703
125354
94988
106560
90417
99260
1688
96052
102043
96300
141162
116939
152506
116224
149498
123756
119458
117449
96141
88160
88067
110893
109404
87893
91929
85818
86314
87598
104215
98712
86150
104027
100511
99819
97228
94799
91123
92138
87691
89514
85897
90994
85396
86648
117362
92132
89211
87349
87183
88789
98539
84658
100895
101129
87196
103605
118204
88178
95270
240184
16072
13875
24212
22681
35589
13905
13193
15452
14999
13192
13369
16809
1741
30929
38394
20079
30067
2053
24219
19977
19294
18165
18760
17264
22469
18520
19031
129744
113251
116475
114031
143508
128440
109626
115791
106081
98498
126639
133832
139961
105472
122078
248162
222701
325405
20895
20112
29419
19919
19740
20149
16047
19643
19948
44377
135848
130731
225631
75783
125970
105314
114470
140492
19039
21723
18596
19481
19546
19365
67864
48962
85584
93220
87112
1800
115245
349723
249828
318653
90220
90049
36991
22583
153406
113196
104135
112419
95837
136625
93465
98788
95465
96261
101584
114257
96871
116984
111509
119011
2532
124727
115717
98890
112724
119493
105981
2104
112066
142060
13512
13426
12674
12712
13542
12878
15118
9629
13838
15011
14148
23926
22091
33749
26660
24331
15768
22529
20466
33034
29044
24349
21978
15770
33470
38255
14952
22482
21339
27860
120667
92956
91944
113883
105831
99554
129624
201547
186405
100789
157556
327742
190968
32187
28502
18686
21886
24752
2104
31902
20257
20777
32356
32778
23214
103998
71724
68855
110666
69192
67148
111814
137970
109636
116090
112006
124379
72558
120677
125790
105134
111551
99686
106203
122154
110595
125559
127063
89281
80212
93471
79348
78229
90695
81014
74344
72040
91274
81739
75610
74588
78205
75195
83738
105497
115812
111093
78086
85496
77615
93390
77429
94893
76523
79202
100435
90810
73459
88568
104336
117554
108366
86788
86718
86734
87034
94591
90060
94966
86623
121744
109735
116321
107092
98440
84448
88857
76726
75446
93577
88238
88723
77440
82339
80259
87857
87445
87724
137783
81151
77937
83558
90388
61414
78391
88083
72774
98771
102534
99019
121703
94891
101388
102284
92968
120315
108961
101211
89237
88873
104235
110858
113724
91893
89805
96101
77655
80080
80461
88959
94487
83601
79067
76433
76720
77028
75495
75490
76426
86622
73690
60871
88101
1783
96913
90631
91572
113345
116972
98506
110662
87323
106854
86273
73671
89526
87679
91687
96958
117352
100544
87531
87033
84903
86588
84678
76781
74951
79125
75022
76559
86260
87821
85301
124004
91605
61568
79624
75373
110144
117697
93434
82815
82061
85080
79928
73698
74475
72317
74143
109481
85739
88928
106130
105631
115015
92072
77075
97919
107914
89854
139451
104647
106915
111018
117628
92873
105458
99184
108216
108199
96781
105956
86808
86441
88459
114182
106980
116032
122876
147371
121372
110273
120919
93845
85720
90613
79583
77566
76544
101748
91994
87622
93136
85672
110890
98696
98850
81216
99237
102691
105655
87888
78852
96421
102196
81327
106239
88834
75408
89760
110355
136135
104742
113104
123139
124158
253192
127064
109182
121157
101433
117381
109667
116423
108895
147330
96661
106275
91584
2414
114366
101747
114523
107758
103260
96610
104552
106122
102584
108709
2181
131714
111329
104044
87183
102011
86540
108379
99696
114592
97655
81947
85386
118309
89726
131789
88650
136584
106916
95075
126475
84227
111020
100170
146311
137514
127067
132965
102632
119202
96894
85686
114596
106120
143655
126728
103824
98455
96302
107597
142309
199396
16478
14063
13050
12995
14825
21345
14035
19563
23629
21155
13905
14692
13311
9426
82930
105436
99498
114284
88609
95602
83739
80876
84387
80765
88191
76794
95575
95154
100461
75305
102786
134222
189965
143710
115010
86685
106139
120927
91345
90294
273670
183700
190653
172111
113111
92633
112229
121030
121367
165698
113051
103875
205148
215735
298233
110746
186954
14051
12945
26945
20239
18671
18286
23705
18763
20954
80006
77831
101839
88476
102801
100524
125052
84733
129339
117626
94950
104234
122453
103229
86593
87891
108130
129163
108959
114444
103388
94499
62271
75752
93342
87005
89690
108741
88870
86033
95160
97840
106503
115963
96609
84424
86589
88016
106292
85723
115525
79173
81455
96527
86643
87139
84879
76563
89977
130734
98588
98837
89929
87947
90517
89946
100114
99924
89663
89422
86044
88176
87603
90459
88044
91596
99192
96819
110236
106776
102492
92341
81838
75808
92580
88409
87100
114348
91058
95934
88867
153216
337544
287491
340749
21057
14647
15310
16118
13630
31610
14979
13397
13722
18490
2831
16325
30379
26664
24442
17049
28338
20808
18175
16357
16010
15894
35068
19401
14715
20040
62428
67730
167622
112420
111447
99532
97416
101970
131216
106200
112477
123960
119942
120558
102908
98497
111954
926260
914982
262990
765545
359824
22803
20897
103641
111239
108718
171464
176931
118284
105899
101730
135668
125463
129954
109192
227974
30194
26438
29506
31461
25613
104783
118221
100405
98332
216389
20774
19436
50175
115291
71143
51607
81960
101905
89158
88968
101480
83449
107432
96012
93045
138948
118357
116037
102703
89405
101741
126591
88635
116660
91764
91511
123087
83992
121322
128020
100355
88524
96929
88683
89418
101623
89272
102997
94244
94667
183167
177256
176180
260046
85653
98662
159065
53348
22753
22291
29669
15959
12096
20303
12276
13485
39451
26851
22182
41862
23396
25848
19783
21544
16472
19678
40978
26162
26880
20695
18863
22069
20248
38745
116071
92168
111585
109725
99332
141920
114731
250371
191037
36480
41465
21553
46466
73885
148907
102442
110078
113984
109758
181739
183567
118070
102549
108577
119224
103724
118909
97755
97515
99670
112028
97717
103961
120468
125329
115233
144371
101581
115930
119136
102187
99300
102080
98070
90087
102617
123753
157915
30967
13720
13018
14594
21253
14143
13461
12426
15262
14967
9133
27870
50180
29644
20423
27011
19488
16980
17959
16580
19778
16999
18974
32161
65071
29899
24943
20427
18450
18953
18085
27575
33959
28639
23419
27349
130453
422543
222550
111001
130510
86657
100034
88331
99579
101751
85414
194593
199349
43172
21057
53742
30178
20504
21299
20695
19219
44038
23852
22263
29568
38113
46732
27051
36768
19804
19882
27225
121497
265607
267708
29461
27918
20487
19606
20312
34375
24906
21071
118202
244406
299236
51792
29094
36795
166599
149957
125107
122526
106154
98810
116555
108155
107033
114323
117901
129386
104882
15332
322622
262915
376655
130226
110290
115298
157292
21719
21062
17280
24824
20967
28009
29274
14153
19696
13826
39741
25021
29607
24000
19776
18117
16620
16183
16423
16086
112436
92019
93021
123043
95555
111556
95092
92321
82530
92050
87873
78327
83477
74984
125961
85327
83928
103603
101011
91434
94992
112465
79217
85324
73684
75937
110873
150639
168188
80610
88378
86285
118390
83049
91651
129900
194897
222252
133847
290763
340854
410008
291282
271699
112716
110467
103927
123195
97355
88205
87118
97546
98431
113821
244925
255224
95947
140366
101660
106126
99468
109663
97864
100704
148175
13961
1802
13139
13845
12991
12409
12443
12218
12525
9291
12085
14884
9125
16552
33184
38479
23418
23205
22274
15984
20769
26241
16560
27167
19366
17552
18248
20837
15717
18091
24583
1935
20908
19380
18321
18001
20908
30974
33691
75637
18838
67949
101129
106929
78042
106783
147352
124099
110793
107692
116057
110328
111909
187806
32277
18607
18110
17922
17651
19496
30516
21741
17230
24687
28268
18900
20370
18692
18122
18010
23723
17821
20681
18563
31868
27637
20425
38509
27966
24278
82345
73141
105190
70940
97089
80862
93731
110585
98444
97372
107298
104033
101315
98114
98903
91205
93854
88491
87373
114159
110184
90453
84929
98453
84183
87108
86314
86711
87671
86311
98949
80065
99739
153847
22374
8885
14275
13079
23933
12601
12211
12409
12097
22213
13998
14333
23112
13871
12639
12798
12999
13653
12549
25486
18277
18099
17955
17938
18288
20912
32030
18840
19297
18264
22074
18428
18320
27616
19725
15960
18467
19428
18627
19648
19852
19720
19724
19591
16168
19671
37284
18519
21266
27489
22666
17428
18664
18083
19513
28806
18622
17247
16213
2075
18304
17642
16053
17278
17461
16164
15941
15843
16030
15601
15567
16165
17007
16845
16099
18195
16880
70678
80551
90276
87578
86060
104846
112442
98465
119170
87661
132531
89955
99389
104559
104187
103137
97651
117006
111292
98787
117011
89783
97456
97244
98036
94864
96201
98515
86236
77675
97798
85222
87301
84785
82238
78834
102669
109298
86116
80535
75638
81116
86215
75974
74940
76278
75935
88411
86564
88104
84986
93777
121643
93551
104850
88732
99511
110052
89757
73832
91543
90086
88389
89957
79000
87369
119900
84595
76096
77613
89735
87508
99619
87541
98100
123296
271009
268148
13794
12911
20417
12972
12714
12115
19610
11899
24266
9837
13948
8217
27574
33547
37767
17266
16357
16504
17049
24890
19386
17489
17739
16952
16372
16226
16673
16371
16985
16283
16229
16142
16159
16162
15975
16199
18048
16281
19058
74686
93143
93146
105353
88080
89554
88985
87916
97449
93790
90082
89472
92080
88388
88172
106916
103438
184857
122544
133351
116190
91477
89575
89679
86322
90257
98347
88173
103715
128416
129331
13052
18510
12407
23219
29646
24419
29686
21554
46131
17486
28236
21526
20882
21791
23231
19205
18040
21916
19603
20669
31030
20601
31437
20029
21054
18296
32950
15895
38385
24934
91014
318076
189430
68339
205186
184954
22465
44290
46425
31095
28279
19229
27169
19840
19721
19490
18862
188624
120194
344449
225393
332007
139365
127823
101242
96990
99237
132818
103380
117598
127434
147647
99825
146675
109283
116948
116744
109568
105568
144063
127134
292758
316678
163179
19961
30720
16367
25200
17008
11230
11507
43576
24914
20616
14197
35801
47546
33553
15574
16970
21942
24947
16075
28992
21135
48168
38307
33883
16670
22430
133384
181390
163587
262515
18381
20167
21448
25701
136808
43130
28353
60419
86875
123421
107312
109827
99925
117553
102647
107451
99240
99554
124160
108272
133732
101256
120326
210602
236522
120027
117365
235714
277670
359108
223393
213266
26147
38652
21011
34904
59390
17169
30097
35427
21998
42305
39098
16987
23100
20085
34545
19458
41373
17440
55516
129754
214389
178515
33325
24485
19132
18256
19417
18268
67694
115127
228596
228882
311433
121099
109533
100633
85954
88512
88860
108026
99560
99307
96131
102377
117190
20250
26960
18870
27983
15388
18847
17226
19082
18437
18357
20050
20461
43664
16485
30801
17490
21529
34969
31659
19043
18083
19664
18321
19026
32425
68585
125213
18746
18298
29502
15434
18861
18963
20251
19970
19908
17620
34714
50975
23892
32304
32294
243596
41532
25633
16436
25889
20226
17326
16162
17809
17132
32812
30131
33861
105910
90670
89952
101796
87406
87281
267423
294756
124722
109935
103829
188568
20093
20409
39633
36108
26124
38045
16843
15698
19852
25599
28012
17513
18519
17742
16403
31266
18553
13276
55503
15731
49802
15011
82456
73618
93186
93957
117777
209412
187345
208271
194790
30611
25156
14188
20320
40477
23383
15860
20295
99583
90013
98418
95537
105076
89380
105161
100823
107583
85911
110582
91683
76896
119397
83705
87715
73268
74898
74503
102473
86784
91277
73589
83836
75376
75329
72718
75098
76375
73069
104331
88560
93315
85510
214294
190502
206173
138779
122431
125782
131363
122306
110685
99727
116838
134177
125180
119534
94210
147663
13331
12842
12922
19946
14070
13301
13149
12870
12431
21959
9541
13802
13510
18618
9968
25849
37970
22908
14920
17449
16068
23393
16699
18048
17022
26698
22948
16893
45703
34777
29195
26194
28787
19720
25600
23625
19715
20484
26270
96535
111768
116739
113228
110983
100981
89714
99185
97501
97733
88048
108714
89765
98873
91434
90111
102481
104498
235942
112404
100213
100984
95178
134931
106704
124031
105820
104554
81191
79442
78392
92227
121913
87832
92879
81828
93593
124096
95498
60789
88389
105041
86815
93185
100489
91878
100402
112433
97586
117652
106125
92777
87142
65268
91453
103057
90337
85112
99109
95981
81968
132454
107389
107189
98335
98110
80658
79718
82466
76035
78585
84703
89286
93631
98281
79110
74194
75885
112226
105981
79248
75866
112956
84755
79669
92633
94649
106136
94998
83849
111144
97817
97968
100740
93089
84281
76314
74491
79630
88548
107808
102170
115519
107585
105428
86754
102578
88886
89260
94404
87991
259430
277732
193433
160964
84047
86466
112981
86209
87355
83506
97446
94181
89426
112441
103998
97589
81630
102404
78667
111248
87082
89016
107128
105423
95697
95426
79643
76835
76430
92988
134260
102739
94863
125240
143841
103066
109084
111346
96306
101454
76985
73888
75733
74757
75016
82313
79995
89339
87579
79495
76078
84533
78705
74016
78583
99969
99879
87641
95194
110514
87758
95386
93225
80359
118551
92386
87759
106433
104572
85371
115788
84751
92583
98696
84122
92962
125047
82193
101842
101906
89995
109694
99392
106185
111966
97852
87491
87084
86942
112214
86593
91877
75357
82438
85229
84350
86301
99785
88643
82898
115305
92822
106326
89021
90331
95478
86872
88783
96520
100791
88631
87251
74759
82092
75835
85627
102170
91825
86489
90094
108665
76806
106204
99397
111701
96078
79186
98185
86268
84888
81725
74361
107211
117520
88612
88061
83093
90272
101156
78958
84359
159848
107520
117573
104329
134953
84380
154151
13164
13746
12844
12519
12282
9152
14908
23800
25048
9444
24050
15824
127985
131728
109515
133238
118927
141705
126321
112128
110716
102269
133026
119072
100686
105832
100526
99257
99507
86859
86041
113640
98188
86656
110330
145596
136463
34296
12785
10147
15817
15487
16127
23266
14452
13436
14154
9107
163492
124417
146999
119342
96988
104115
99552
97208
98543
115616
98380
112591
140600
132406
122813
120054
127673
14103
23495
12848
24327
13382
12406
12302
12498
16758
11404
15239
9671
110924
70599
106963
115286
143856
101513
105752
89744
87154
86343
87839
86513
87261
128494
114745
240806
214908
134651
111157
126045
123180
92471
99756
91195
87776
94146
86978
106558
89874
101558
91707
88474
103929
109435
103808
89140
107871
108216
104840
112341
88766
86586
87443
166039
154203
104760
101124
109799
99605
85996
87642
100566
84839
85723
86074
86986
89119
86671
86722
86804
102239
99196
98978
99556
105982
97595
108801
99001
105159
95903
125232
180910
188546
241475
22252
15204
22550
28091
17107
13990
12885
45999
12457
52383
31880
47687
28512
32816
21065
20613
37321
22419
35635
19062
18907
30996
28828
22658
15963
32135
22826
27456
70419
110139
99582
103289
96859
120974
70809
101989
99266
87678
88173
93254
89426
87251
116513
127697
98975
98804
119640
123494
136886
143752
117821
307508
417504
462340
373095
487177
96680
104105
108938
104289
117414
83691
87031
85347
88300
86314
87224
86560
115968
99412
85938
88781
121846
99497
111908
109642
115561
99669
98782
96601
125004
88116
113337
99747
130033
98059
114986
115312
102409
112913
100196
93422
86772
87386
84834
107306
97179
112367
92405
86694
85161
107697
103129
85252
84958
98735
92599
86970
103293
98762
87360
85637
86612
86740
121745
102402
95313
127641
100121
126853
135873
15141
12312
15844
13375
14550
17104
9530
14211
13465
12887
23491
11170
40077
33195
26225
15805
20376
20974
20568
15922
22254
26388
28794
51655
29647
14634
46098
18727
17543
100827
103959
107192
117480
111181
103017
122048
95027
119902
100477
113967
106680
91723
266471
212913
33193
20252
17693
38542
17541
35694
28113
19729
21485
16658
18282
16389
16756
15886
17623
14557
50109
90275
91500
105079
104678
104799
89593
110455
126650
126363
109894
87059
247969
262902
431153
488453
248136
85735
89980
77281
94905
87964
88216
89239
89661
87377
77138
143966
99400
80320
123782
78114
123513
88870
90173
91940
88562
75472
77014
73151
76593
78362
87439
80777
85316
74099
83280
75765
85036
74321
74488
94447
85079
96978
108846
82595
130424
107298
125030
11266
11536
11704
12603
10734
11706
13238
29540
10456
14978
14981
17418
15387
23412
28736
17997
16502
15963
15829
30106
26915
18315
29730
47378
33472
13121
23981
17301
18889
17913
18498
16293
16201
18511
13410
17784
22902
20910
18484
14605
18017
17173
14571
17473
18212
73679
50168
125249
31691
23420
14197
25678
16781
19667
14241
17252
19497
15984
25370
19386
27414
32719
17688
17660
48336
52149
51587
69942
89756
105089
89396
104462
89239
108140
99220
117096
107378
96308
101431
105930
89387
89395
85796
88079
93929
84787
107010
117910
82786
94633
122122
106234
87358
96919
78814
75876
92954
90364
75908
90578
88954
79404
115644
112683
111642
81911
102447
99456
89340
94751
77385
75075
76052
73394
92489
73950
109176
78172
78682
74007
91398
76960
73977
103937
93354
89140
105447
112478
88965
98516
82822
97176
83931
105489
97343
87753
75096
80880
77785
87503
76014
110309
111898
78363
90061
78920
87427
87848
93585
83682
83750
75757
97398
62160
101590
93398
82143
71707
102537
90046
125111
102684
85521
95092
107776
87185
91969
88428
89216
90091
81681
75812
94052
98017
171678
12812
11966
11192
10920
11926
7517
11692
10470
11722
12834
18271
9749
13054
12005
20906
22485
20063
18780
13793
15961
67298
28804
20909
17080
14625
16454
16692
18005
26765
16164
16990
66755
129699
115189
98125
100122
94730
121218
96040
90857
107270
86514
87112
98851
84908
96546
80430
76482
74841
109812
76826
88133
72580
105854
88539
109755
81308
86111
95946
77575
87085
75013
128531
112428
89365
116688
113676
89021
107969
110958
113120
92064
96429
77748
101130
94871
79053
75129
158197
103065
75984
196964
168355
268046
104316
116720
89367
87536
93846
86158
102904
101867
96925
107857
81934
96269
84013
78676
73453
76637
77125
104481
87963
87642
87147
88679
91973
98935
83886
197852
220825
97203
88155
114070
98452
94016
91475
87908
86991
86574
103935
88562
89334
87624
97035
87754
96844
82243
91091
90641
79967
94920
78190
76404
91587
77312
72886
74605
74254
88660
77530
85553
83580
92160
76143
80668
98662
88146
87118
101332
83636
73897
98990
104027
88503
95595
84674
79634
74320
75659
78913
89197
74260
74161
87384
94319
73729
76147
86341
93394
78508
101719
122454
92263
93159
110610
236402
188900
104831
100991
97897
101362
98577
99486
87421
106318
89223
96084
126102
98816
98369
101244
117147
113238
87409
102973
96820
97629
102942
86226
86175
84991
97984
95214
98999
91365
174819
103045
163428
199214
131587
110535
103099
97558
108542
111429
98104
128801
130414
90971
101012
112450
86563
83064
83142
91066
100486
293963
240087
297955
90586
104443
95826
89376
87628
89235
88875
75326
85142
104117
91560
103361
76297
79034
74311
120713
84705
299270
292765
292887
367404
89448
104115
75540
92163
86605
110828
118101
97917
101342
100430
89526
86452
89247
126800
107449
120379
97722
106393
102820
119481
101128
87012
86330
87125
91423
87368
103371
113094
94486
105623
87287
86758
101743
87396
86425
87418
94037
85866
95619
111817
100193
88469
86419
102087
97033
90245
111439
84990
101039
102574
102372
83545
74444
131100
92173
81775
104220
100779
86698
97296
90845
89977
79968
78737
74769
98911
101957
83975
103887
98133
78331
78038
73981
74300
87531
86437
87751
77646
84102
97245
77380
74318
86939
91259
74281
87025
85605
103725
84694
102939
93440
123116
92639
104698
87994
86769
89834
96676
96276
97813
87880
114545
99389
112348
105392
107664
76707
83419
80391
91236
101744
104153
87229
84909
93617
91883
89103
104854
84611
103822
117991
99860
85660
174761
19547
12729
18970
14189
19795
14729
17247
14121
11428
14227
12291
12411
11703
89142
81869
119867
104658
87014
100006
98395
95532
104851
106946
86169
86286
86454
78607
77329
99146
101898
101080
90181
96442
81691
88612
86501
87969
90355
104630
97464
97327
90011
111426
90223
97785
108721
102981
90518
94675
81702
81864
88086
119924
106295
104499
91090
106863
109204
89669
217123
189712
16758
9880
32642
39575
9378
16780
23307
14864
9902
24226
15202
94521
131021
93983
86556
105176
94199
100584
90019
107452
101495
118288
108543
112522
88246
105656
87628
99667
79020
75465
74072
89310
80867
74431
104519
103036
87677
88096
88493
323708
433047
430482
347289
183421
186414
124202
90347
87375
86715
120792
133836
110872
102119
101180
105957
115557
99829
159379
90626
89826
101180
100691
89613
105471
262049
31896
19635
19811
19270
19620
33568
18456
119852
177421
191784
306952
93349
110072
107967
104726
95880
146939
109367
124656
111841
98332
130590
307023
244330
116676
97782
101935
317718
259941
354246
96163
95071
85953
150711
22529
34817
20297
18165
17555
29586
17245
30970
21112
23006
37662
16328
38860
35914
35665
21749
19919
18055
20549
19191
35454
74771
189236
187111
114094
100425
118260
98202
120016
107223
117569
99388
103708
98858
202204
213593
168484
21651
20281
55374
32004
26208
27482
18201
20045
34253
18583
20934
32593
65998
17198
30427
25301
15940
20285
26820
80530
112538
105243
106512
121254
257534
266595
514914
32510
108128
20302
51596
18043
18758
18131
16100
17549
18892
15562
17210
34189
17199
126436
93075
123700
107303
99072
95543
91214
106274
103947
100371
105170
87854
117184
95037
100377
80086
88952
106077
81132
88312
247834
185385
14611
8613
28507
19432
16381
21907
29149
17984
19015
22879
20317
28309
32377
20780
16398
15835
16410
16567
16090
15993
18083
15896
19898
17461
28212
39311
24396
32912
23827
77165
72156
69953
119287
83524
98799
112271
109283
108887
114389
214162
349784
185168
276748
103859
117825
98571
100543
75047
92773
92337
102226
104651
92242
94789
98960
92371
87562
86616
106673
76545
83774
97634
89040
87286
92885
106626
107956
93682
94033
87701
101180
181576
177274
11584
13311
10993
20612
12333
11396
19098
1942
12119
11074
12197
9653
20086
11619
22652
24690
40525
28600
31133
31914
50347
21204
33844
28917
17928
16770
16480
15596
15604
15737
25848
14920
17413
28036
17297
17290
24492
17583
16888
25687
15760
16009
18031
13894
18772
26758
17686
23592
71466
73081
51550
72104
50568
49661
48324
70323
115859
86294
104448
130929
18585
16349
17088
2199
1453
21108
2197
18692
1828
1389
1438
18822
2251
1590
30006
2091
33914
1456
27371
23640
20158
1918
1730
39668
2538
20453
2313
132926
125776
132575
1989
1351
106867
107243
117605
95038
102371
1764
112087
103899
109073
123129
116624
100115
1837
125373
105580
107057
109921
98545
101660
76179
76448
88212
79332
1737
1340
92573
82187
1822
1544
1993
103675
106855
87201
87231
91340
75664
77675
90366
95387
77615
102866
82561
76385
1675
78272
90899
74073
77116
1652
100435
81107
95603
73230
95753
1809
90783
73831
76538
76350
73537
79788
1584
76878
75645
95632
76824
77377
75064
78289
90022
94022
86159
98656
28062
92660
93070
83886
1716
85934
85564
72222
79929
85061
78444
75293
1685
75919
77908
85260
79047
1699
79411
78969
76845
99231
79055
85060
93598
119062
184197
17243
15963
19766
17499
11430
22910
14348
15177
9619
15485
14494
10680
118186
144130
100320
100289
116235
2222
122627
134925
100085
122265
97826
114186
102473
117722
150890
112321
98797
1965
112845
98478
123097
107508
129282
114346
253518
232492
346225
183617
199494
279330
17723
14333
40124
14934
12946
12517
12085
16428
9896
25084
12597
152630
123083
102352
120343
126946
13499
13125
99428
98415
104713
97215
107343
97867
100714
87990
89557
101385
83612
158282
88844
128949
2068
99370
87250
95538
86974
87002
87227
88973
85008
92828
82329
120952
100235
153500
155308
97395
1891
121138
109051
86193
122055
96351
117663
108356
148223
96687
117802
115829
97160
110038
2077
128285
94516
86688
106904
113709
108777
234221
177976
267009
88852
93150
1756
110060
103020
86755
85935
110544
98040
2497
122499
770600
625834
727018
577867
626169
719867
109982
113183
99017
97184
107203
106793
74825
92065
85130
96221
117026
86813
116279
1740
113829
98670
86796
84624
102952
89641
88064
84312
82915
72101
75166
75512
78470
75241
60905
74814
80708
88719
81385
78986
79984
1911
111188
119570
101146
101398
101375
94525
88026
106742
108856
99235
113251
93603
200568
206076
20475
20360
17291
31987
1826
42788
26327
14469
21226
12357
98388
127397
114136
96956
118913
110646
115202
121611
131813
128013
12852
13112
15236
13418
46713
13268
22872
19088
116434
133802
89012
104933
139482
95284
108705
2472
122035
111303
91976
122030
122457
114401
147714
111533
87875
87234
86337
104763
87742
88516
86477
85737
87348
97256
102528
83403
1937
96084
98686
98321
85384
90762
75667
75573
74475
74112
75431
75316
89510
91633
75881
75541
73298
80468
75694
86516
80001
82407
87906
86059
85795
85063
101226
77448
76073
76213
75173
87138
87006
87202
87187
123489
93414
87269
125371
97724
120345
92344
81485
74610
61613
90685
86443
85635
102421
121453
100850
114784
114725
112448
83492
86070
1797
82347
87297
90038
82916
94355
93607
74508
74509
89651
87073
105688
89798
80485
101545
128228
104336
91895
106995
83840
108028
101098
106116
95271
98583
87029
107400
87837
105194
88069
94619
87550
90383
90357
103300
152036
113783
81659
87673
98415
78028
87559
79206
75215
86922
77343
112475
93528
92005
86315
83069
79501
73731
74210
80997
74261
96699
101398
110227
85556
99666
113843
93385
118937
14073
9209
26956
23324
14363
20405
11776
1974
15916
12575
12025
21440
8098
12819
149187
240647
173497
262931
102639
112723
84934
98061
102574
89443
88710
87344
92523
85324
85124
113949
115205
102197
83682
93728
75291
85284
80767
79614
101221
92776
84900
114276
84785
88767
107279
95093
120210
101083
111841
99830
129436
98525
150637
130947
10678
10780
12451
11260
12315
8264
20289
33545
19907
15902
2676
14755
12519
116493
111556
99033
93124
87692
88764
85918
85890
61740
85309
80156
74944
87401
86307
94775
101393
95580
87679
87152
123037
76872
93953
88704
156770
163531
96890
76141
85389
73964
89807
75270
80176
74421
110598
84572
83094
103382
103780
89725
84690
95389
106544
95850
109007
83091
101944
101758
98792
85060
95645
77848
74077
78244
74425
79234
74666
73690
73465
92519
84853
84920
84704
114469
103276
136526
114843
128709
95127
129232
260660
166078
13220
12671
27516
13554
11684
14541
14770
12206
30399
11856
19427
25534
9691
134454
193671
119969
124224
99841
128298
133321
400534
297933
401450
112751
666332
258117
276959
352210
112304
127583
98355
88735
98650
80951
93539
105857
117537
89836
94581
105353
99754
93347
105464
99815
112108
103078
110320
122693
81366
86898
78519
76150
88507
87893
92446
84798
86984
86712
84949
86130
85044
74318
85228
85533
87267
99165
100448
93031
82991
74294
73137
93427
97852
73613
100652
90723
88662
61997
74508
92079
104194
102038
93973
105387
96188
77017
77300
88015
1789
111851
93641
81799
108887
123552
110264
103496
112786
100626
105280
85395
76756
88515
96089
95381
107946
102725
112665
82991
85122
85322
87027
102972
132691
80320
124844
111964
111443
121013
94357
90302
87687
90917
87109
89156
87008
78666
95295
78783
87541
84428
75169
82752
77009
75650
75136
73852
92402
99603
99051
98988
150172
104734
116404
103019
121604
93715
112387
92415
116330
103321
94622
92441
95449
87767
86921
92367
86630
74689
71984
96015
88089
98021
97735
1951
100210
120256
87524
101154
85411
96749
95880
75265
96356
122407
92442
104108
100881
112011
75275
86959
83729
85562
77844
98494
84527
107131
105530
104174
228038
226586
312992
91924
99306
115490
94056
90072
77117
75708
74275
75200
82759
86978
86172
86943
99974
105358
89736
96474
76340
77392
74585
73881
96164
101508
83253
101120
106518
82990
88849
76719
88136
101946
95305
86657
89355
74363
76337
85752
79939
74874
77860
75722
75269
75444
99695
93734
115898
88711
91843
90949
104402
93914
116622
84431
92225
88519
91778
88034
116426
90787
86479
189617
17223
10710
14240
22609
19468
16713
18016
33543
186352
181033
132750
141620
152689
105543
111862
121385
130307
112557
111328
100072
101530
109674
99645
199729
144430
20746
21337
12304
12587
13903
12372
14837
12287
13932
13525
13583
14198
13161
19228
114654
101427
147742
123734
113241
112825
131388
121536
103591
110973
123577
105499
116179
128878
101345
135745
108820
96354
125977
121626
98780
102000
99891
97056
111966
115531
123907
90577
114794
101659
115312
101054
101475
97951
108679
101520
137226
90834
139710
109460
97637
105961
86843
85548
94584
87512
89134
91057
90631
110419
105849
126320
111964
93145
92459
97123
88677
104192
103459
94817
85570
132701
90456
114795
102324
101967
99718
90096
87250
1959
111847
138059
224931
141750
99664
127329
102538
123491
93904
88901
116507
118249
97900
126890
121975
114149
108121
116366
101731
86294
97581
87290
85830
91964
100129
86188
113886
117448
102741
111357
100698
90656
130753
109799
85740
130007
103668
108900
108538
126956
122158
92086
95670
82425
98614
97675
105567
109197
103903
83136
93587
92004
86362
73986
86917
97342
105718
84664
95384
111050
107937
88145
114579
111816
94055
109778
96916
86633
96097
79231
80583
98834
108285
99017
124540
104110
100135
130286
103534
96735
96490
81585
89637
88792
76811
100065
95156
92656
89253
110523
97851
127052
122124
101202
120392
120674
105115
91214
88605
96846
75357
75615
102786
87113
90622
117689
91502
95196
115019
91884
89440
89436
125088
91677
112799
84214
88085
101042
100897
131519
99502
108015
99453
104142
103278
140901
118861
156120
108466
125653
119756
104393
135463
119035
110576
122375
104760
128749
103744
125470
109117
140728
141011
127647
101521
125423
119103
122178
128157
113309
109633
96842
100700
112472
116173
148962
148323
112095
139499
126091
130919
126520
138391
111974
274610
212441
16893
16341
14501
26608
11156
15182
30380
22868
10243
9037
14848
148766
117695
120798
124488
134611
103853
123530
109907
122148
103648
106240
94691
102226
118029
96999
122365
13432
13502
14556
20789
23822
10388
29200
29754
13385
13620
13668
140012
128209
146407
161981
89300
111548
103872
103584
100122
88000
104488
94221
91559
86374
91080
102030
74962
138963
143109
1148815
1183007
1438142
1522201
1461911
1512730
1566589
1545240
1043122
241607
343683
92217
102069
99945
85017
121592
102319
122534
99413
158435
138548
142299
113536
127925
111371
114493
150058
178327
114858
113557
111289
117397
90149
80012
84994
110124
130233
109954
90905
93896
128468
122550
181722
178392
100706
104028
93891
92547
96982
92783
80255
75349
74701
74311
74174
88582
73204
96976
90014
100402
87591
77723
85259
114404
85752
84763
90613
87820
86448
96087
89355
85183
144408
127877
119948
13702
15144
23333
20647
29847
15099
12625
30492
18868
14733
11596
11443
79814
96759
106549
85376
106867
99561
110981
101156
108612
106913
102512
86134
99688
103935
84788
80831
73031
75198
88985
36346
8145
9600
19888
36616
22901
27689
30044
10258
16963
13295
14851
126094
143650
99991
105863
105966
98831
260072
246248
374141
105004
100901
97583
87201
101117
120942
99707
107031
115528
84507
99679
105293
132462
117411
87489
100007
76072
90645
60834
76705
77168
102816
86346
86991
86432
91178
114042
85106
117046
85352
115414
99971
89163
104630
94294
87182
137156
91366
89179
97413
102222
86546
85631
134731
143566
122283
108591
173966
191780
124859
113015
98126
105771
100088
138024
140463
114355
118264
130473
123199
151697
123609
110669
85445
143232
98210
100184
98220
96123
121429
124392
299175
260824
367566
474060
609908
129759
122763
117916
110573
99648
116581
135258
117474
111824
121582
194758
185320
388749
14920
13501
12945
9105
14128
17007
31427
12274
24528
23220
25534
9939
124227
99888
96019
100610
99113
100207
129718
87650
87504
106912
128378
89853
90179
108881
128911
99125
120417
92060
111774
101119
127919
110499
97697
94538
253135
212281
291551
394938
120730
109218
120348
101642
97515
106494
131274
113958
90590
85595
127275
91019
101291
97944
95824
89501
85531
113916
98975
127803
101570
85466
95433
97013
84225
101111
90791
84817
110371
91211
95764
96259
86537
86295
102414
105747
113702
84875
105391
77413
72145
101960
98397
95824
118376
93255
113502
100708
84131
104989
86573
101632
99336
106441
100182
103009
102309
102015
91626
86281
102236
86322
103064
98699
77423
104405
86469
85963
89944
103799
118870
104163
88865
113927
91367
99630
93635
98879
82100
96819
74438
87005
101938
96891
86557
113872
97119
76087
95273
95951
87781
97016
89037
119120
161196
142203
11340
11901
12144
20841
13931
21743
12371
11318
11980
11282
12117
12238
15065
12620
81257
121619
98730
132546
101485
130719
116669
95537
96832
105497
91563
109992
86766
115927
104358
97903
86435
87134
99103
108601
91613
87208
102373
87856
86322
108606
86138
92368
122775
103548
112390
101620
95545
75756
76391
113718
105644
112264
132149
87533
103423
90003
86857
102796
118422
115884
134599
107528
114592
89639
104644
85558
76311
106599
85212
81487
81183
76844
102796
92546
97355
101375
97847
100949
99778
120716
98642
74521
121638
94563
116486
97793
96135
84819
108294
154346
86018
91933
83521
90989
96427
89867
93338
88933
87772
84133
114785
85314
114979
92067
101086
100984
125566
106539
89065
89252
92563
79504
156784
17640
14656
13326
19551
8544
12102
30292
53130
11989
12179
11199
12624
11401
76953
10483
91148
105408
87216
91765
95780
91788
88862
96502
88900
99688
126947
90390
135419
109941
128645
101864
123508
123325
123217
122710
114226
107194
108989
103450
109319
114700
115964
100866
106501
105966
102533
102120
108970
130507
102106
101069
103686
98017
101926
118930
110577
89875
115261
96033
98798
87337
102627
103890
95962
84104
105871
101587
87245
85248
105644
97664
106099
113740
91392
88573
88090
90240
89923
101373
89228
107338
105009
91829
88513
90969
87982
101709
94234
103343
106741
85113
116963
85944
91753
88870
82463
79519
83538
77171
88984
86483
99663
110146
93236
91731
89893
88233
114061
99391
88332
98241
89008
89651
89364
92580
88997
104600
156648
103829
110268
106312
110123
103709
103863
123118
112026
116584
106125
119445
142449
120217
104595
118733
135126
132796
123075
299106
286701
348062
116193
116203
122820
108212
121836
123998
102136
98436
141604
104793
136746
115237
126024
137064
119606
113225
106971
117584
118437
131675
114778
152500
116288
114168
121683
111145
142177
99928
122709
131587
104450
113322
98672
127580
103380
88607
119362
121889
129591
186651
149460
119874
95549
99755
113164
97966
119857
128348
113727
139688
141784
91833
114949
125233
108984
118581
119456
111386
133502
114240
127004
102447
128701
123532
103587
162171
135582
140001
236736
197550
111362
107049
105135
116767
110290
95658
125839
116154
128803
138956
145540
112322
117370
110769
110925
115528
196551
189599
24850
37269
15771
30765
10888
16766
14535
13638
26507
16704
9811
9476
147002
121238
126928
106735
112576
111839
137456
133217
222716
153989
114708
129099
107244
112642
120988
116306
118266
108270
127399
129116
121487
106740
300214
268140
421587
489773
115824
135596
129210
161416
127034
128741
118549
128533
112202
105999
140301
152792
120922
121381
113162
102916
115139
113359
122020
115333
119609
109646
105079
96278
96270
100424
101950
87122
97158
101525
108279
109569
104452
91855
106966
133109
88247
92761
80563
91601
63449
112324
149060
120974
138465
115095
130017
100436
134327
125499
125492
109214
269004
208447
14490
22636
9194
12897
19267
14236
8962
13450
14455
13437
12960
17153
37057
151893
108481
130682
100074
111490
92500
103357
97595
98081
86699
84651
99960
76014
85250
76947
95733
101113
100269
90681
238965
258269
185017
17032
10410
13874
21943
13740
13777
24831
22211
13141
13540
12529
12151
169998
108016
99093
113548
124419
109528
95674
84117
87052
93631
98012
97929
86379
118882
86007
120531
119810
123632
12812
9517
12707
13291
12068
12010
10449
10773
12966
11791
13842
18305
12946
14354
82924
88886
130228
107718
108804
109528
93271
99099
87213
90872
108752
87740
99353
153739
96190
90332
99285
103113
84821
111140
87242
88245
93708
89140
86512
90135
110320
105236
87703
86498
98300
84536
90686
110022
86503
101587
76279
118536
416831
329418
500399
623199
617944
382715
109608
100039
94749
87792
90539
99978
102814
85885
90284
127027
96625
102128
88757
101080
98533
111141
87487
87647
86768
87475
106079
92475
98322
142263
113200
101932
101799
86103
100752
82132
74792
99168
87066
83877
74302
73572
81988
78655
73687
137794
105680
120375
1020733
730916
870918
834740
762036
868430
126079
127914
126369
106029
100319
129313
108252
98979
104486
137179
99356
106277
97609
107253
101952
117606
92561
86179
129918
13565
15019
13622
13672
37741
13494
13561
13617
12778
13057
24361
19908
21957
27101
33464
83307
119759
112818
112191
125262
196842
153469
60690
102854
110829
116675
114641
89777
89365
97045
85145
101398
74186
90952
87670
90140
124078
106869
108528
90247
98463
113853
89977
89006
82687
92587
79489
77099
84456
92044
85748
73521
88233
74484
92950
104119
107931
353507
323759
383606
453247
498507
94476
102267
120193
97758
94294
85968
446226
385358
469228
591998
632525
704641
760948
106337
98784
100814
109106
84999
106457
88262
96025
120305
93084
88544
116730
94246
80364
104540
94099
85282
109211
96316
256453
354532
250801
519028
391865
426246
435327
359852
99998
115605
94149
111082
132516
13994
18834
14480
12679
12225
12810
8549
11059
11636
21222
13063
22073
9591
24245
23351
22377
25268
17386
14892
17219
17632
18208
16959
18362
15699
17510
29611
33583
17116
21217
36823
14599
22894
17548
18081
17500
17564
16340
16135
15614
25181
17015
38935
38948
72893
125807
96808
99514
110022
96951
91479
89009
104750
96718
101026
91009
109470
126587
89392
95693
98234
97547
88787
98217
88972
85546
87768
94934
95558
106823
84511
95959
99620
102249
107409
101290
88561
97333
86800
88398
111615
84831
108370
116291
97341
108183
106230
95427
100230
76671
82871
108450
86678
87711
88897
162463
128582
91018
93241
95127
85799
74024
81205
72502
75324
84072
74727
75924
101938
82308
84131
74746
93387
88546
83576
79931
103564
61310
86585
88769
100295
86140
61821
134727
100621
88650
96906
79011
77411
88026
74077
84125
115573
96107
89962
98008
109646
78401
105278
87187
85577
102110
89945
93265
84628
76611
74168
75465
80290
115189
86588
89479
89556
86546
88657
86946
89345
103417
657705
422210
692299
632483
459424
612091
