6954
2806
2685
65922
23901
14934
2303
2348
2068
17827
30037
3270
2764
15712
3577
57758
31168
2532
2311
27437
2957
85490
28546
29342
5346
91339
15174
127001
116226
3415
2529
97324
2407
107036
82218
92589
88282
4016
106017
2646
3260
87858
3301
105994
578416
550632
500158
393024
108866
97576
95523
98461
102058
80730
80014
80155
85690
81110
96166
3090
107794
90626
100814
101168
83368
101798
89295
72617
76402
84194
74674
107776
109076
96861
98144
87463
74463
86756
233480
29379
10794
32813
19111
19243
9362
13060
15100
22395
24561
3114
2529
127263
96438
106660
75623
84008
103619
84588
89730
78694
94490
78009
101750
88463
109105
92740
124758
93186
5996
87662
91690
88996
90912
87653
90411
87424
84549
79154
92720
5253
89414
114215
93508
108666
92171
100264
94159
98036
105657
85567
94484
80848
90232
89508
89464
75900
77898
103340
76354
80172
87843
113461
98642
104341
133419
90340
123191
86888
124190
109466
91595
102162
103940
84897
89869
175989
165349
106818
97848
118450
157999
12922
13346
2360
13271
13320
23481
9773
2890
14320
14108
21238
3058
13889
24532
87143
82792
80101
98801
3309
103404
109729
111695
85661
82089
87895
87135
99227
115266
81885
77758
76506
76808
90408
94061
80712
80455
119193
82243
87762
84467
100855
96658
92798
94908
82643
89712
79523
103768
91236
97257
3256
97252
109108
87653
77838
84046
81013
2525
100335
79532
94270
84967
78181
96450
2487
104488
94910
3076
92590
88818
108538
89438
114325
95040
98429
104085
92593
88721
90292
88309
91260
89097
93861
87145
89919
99679
94487
85837
104470
97539
106467
95432
93423
117733
97244
90757
108803
108668
78487
80503
75668
75921
88510
77749
77171
61819
78683
75549
93124
63284
79570
83994
81513
88744
87095
86704
88524
83196
102754
87385
90680
87183
81572
77271
101593
88448
97225
92230
108771
96451
111611
3367
122281
91131
94438
108070
82429
83311
76974
77193
82940
101050
86661
113366
124526
114417
105208
318904
286248
395987
414701
92370
90332
102365
88031
98040
88700
90986
107453
88667
101827
89197
2199
109720
106074
83918
86367
92533
92513
86228
88199
89106
88040
86827
87342
90995
103631
91438
99066
92339
92660
13638
116338
123223
96051
115115
101236
2168
2022
2142
2783
1673
1828
106619
2677
2090
110854
2126
127608
2092
99764
108123
2102
114956
104358
2328
96027
105466
2088
101977
88441
100500
2540
88522
2413
94845
108352
92893
2823
100437
2630
110392
89643
90474
93460
109199
2398
105181
2368
123129
119801
3232
111882
102432
4753
157751
140740
135928
2985
363896
271282
375611
130435
121475
135759
137099
234710
41298
18957
21038
2924
17184
2904
21039
25445
20522
2997
135455
170737
145532
3811
3500
139393
124121
102292
131351
121048
119205
113620
128189
3023
104500
102219
125979
118478
120149
137678
286591
247907
318192
23541
25656
22392
14808
14426
2757
19802
24745
11558
153522
140744
110741
116093
102931
114411
114742
117696
115920
116058
172601
151032
17518
34719
19269
22391
2673
16508
14460
3013
13665
14456
32145
9119
83651
96558
94775
114126
99893
101782
92271
88285
2740
101855
89551
115217
146613
97379
117134
98718
90916
112454
95113
105154
89092
2668
103392
127361
88000
95492
89769
99425
92023
2878
96061
102973
105131
95062
99511
133249
14441
13449
12566
13031
12368
13415
14259
22084
16143
3126
26879
47417
32523
19814
28946
75815
50967
97226
103454
121678
126238
102790
111761
105143
97299
91980
89069
90009
108300
116580
91597
112793
86788
103655
91070
92070
3030
102179
87098
88735
90553
91071
2662
108297
117220
91651
127539
98626
96655
112544
92143
104232
113167
89099
89525
2735
125896
102477
108144
90264
88973
91453
93989
98261
89558
89358
89642
89866
98315
87771
100450
101563
86537
98701
90184
88831
100624
164441
102041
107936
94035
114988
87369
88115
92869
105927
94525
95657
112652
117083
111443
99498
115246
131973
2533
91766
105826
113032
85968
101075
109639
89737
100165
101843
104992
111267
99015
112021
117058
94770
92769
2695
112845
104955
101843
118029
14096
2447
14786
12898
13483
20130
11710
11715
12053
12632
2934
14275
20860
11309
15972
13491
8228
34935
23671
31002
19394
18268
79249
103402
100240
113764
143349
140950
111613
120348
88998
3071
175864
20497
27387
28155
115693
50985
51468
103764
118745
91245
114810
107397
114365
108457
98130
102672
99655
102089
88784
102525
90125
99005
97572
105623
87029
106145
104448
85390
89984
85302
99676
95664
87481
88053
89265
87872
111939
82474
112504
96235
94491
93540
107329
111183
104848
110963
98315
107916
86195
87968
119215
115432
114604
88681
89465
114377
98504
135360
89356
108129
88441
89305
126554
90774
94529
323089
297581
358634
426805
94318
106348
102340
151757
12847
12527
12331
15325
12069
21233
13843
12382
13246
19606
12703
23484
13240
38300
39175
22962
17405
37298
16355
19008
16604
18392
14133
17981
28981
20344
20587
30371
18474
33646
23880
40442
18071
14776
27268
16625
29260
34094
24734
40310
26497
20242
45127
28087
17934
19796
103931
91577
83772
98556
88478
87969
142747
86881
128820
214844
209835
97270
95783
95886
101773
87904
111401
89168
89049
89448
89015
94817
84795
111067
90616
88830
87684
94370
85272
88835
86442
161872
136985
11738
12395
17435
9116
12240
12825
11928
21015
12495
14976
12801
19949
2489
12096
12111
13643
9145
14672
12636
29673
22018
15209
19070
29169
14950
17217
13810
29129
25441
27837
32503
39507
15206
2684
32143
31845
20132
26825
43305
167788
1910677
1888173
1978016
1727429
1779928
2165486
3647277
2739970
2833475
2942902
1574489
1663902
836903
107876
103610
105911
96553
123615
71441
88632
92659
99902
84984
115323
83142
101706
87116
86417
100160
87698
73768
84842
77809
100560
83981
101746
84211
109852
107244
82609
89532
75720
69770
92016
89475
73577
90361
77116
99756
86996
90954
83594
104614
99099
76297
85196
84713
105242
85496
83502
79388
83889
85402
93992
90471
90499
86353
76729
90031
82585
75641
476175
83004
88495
107512
114291
90293
86616
83034
77742
107785
84054
80140
68874
74419
89371
90764
77014
88357
95901
92684
79505
101453
75357
83391
74105
77684
77358
82135
72889
79488
76633
100802
96235
77836
68808
85846
73811
81335
79647
79534
78887
89562
77044
85014
83264
72482
89163
81819
78217
85713
114869
101801
93952
100054
117384
88888
101049
116224
97451
89614
101209
108210
92750
109383
112570
104542
85719
112917
89824
95618
116013
164142
21817
13335
12245
26854
8896
23155
9137
22047
26807
13780
14035
13195
124096
108918
92486
91894
90041
86930
102521
101697
90180
91256
124335
107042
112376
101503
109802
99024
110941
100357
93154
87636
86529
106795
99868
94396
88440
109145
95391
99718
87364
90092
107529
111373
109032
259111
201357
98438
93999
92994
109317
99319
106751
101679
92191
88214
103262
86983
107329
89822
85793
109509
106103
111524
94556
125743
117591
103409
87436
98938
89593
110580
100067
117369
113329
112731
125120
99901
94459
103153
100222
102123
97890
112343
87772
120067
114665
106171
115340
118926
93064
136117
92166
99834
92094
87580
88716
89583
113516
90494
111799
101736
120824
164020
118186
119330
106951
112016
108521
117800
96948
88906
106514
91057
106682
98466
113828
88902
99969
91161
95491
102473
90646
87520
108354
89709
96045
95129
96985
93065
92326
90441
103027
87777
88039
116900
211007
191172
276560
22736
14154
22881
14104
20619
15046
9096
28848
13396
13731
23723
14102
140135
100899
121512
92521
117218
119597
109695
132171
109307
98978
91917
104342
86873
86219
103547
124573
118282
119331
12586
11939
16861
14775
14749
15063
13307
29109
28900
33633
10409
112410
112732
146417
99314
97961
114776
87552
94561
91517
101767
87866
97607
112132
89288
117934
92316
93638
99857
109550
122518
116637
115168
110644
88768
113181
90428
88658
101366
99821
101354
85351
107654
103154
119060
113956
98592
106406
103884
156424
128917
11846
11473
11991
13466
11150
24356
19417
12306
15826
14562
9120
234224
174434
266003
234327
336423
128412
106245
93870
101213
98712
4575
253333
126622
125789
134338
114824
97824
102261
131774
112964
98195
118530
111387
109833
290323
276482
395683
437711
95876
105658
109058
98836
109675
91378
91790
106052
87476
99333
96154
95604
101283
104489
86107
114705
91707
98001
86276
89199
98449
117496
105187
118830
115118
100460
126720
134214
92615
107854
104071
104534
107909
104105
111408
102554
100602
91902
87805
88608
92362
115698
91968
110487
109344
112123
102575
125619
108371
96621
117913
128134
89905
121890
215283
173482
23992
19757
16988
9908
13902
21881
13259
12113
14455
9121
19267
15961
13715
82663
80934
127632
94161
136499
123046
118806
99454
95125
103882
117617
125690
104548
99396
89410
101119
89137
110363
87585
102201
97358
106933
103707
98774
113978
90271
117283
111844
109028
107875
102338
86670
91907
89526
88100
85168
99361
100011
114037
99966
175364
140156
28711
18793
18331
16947
38353
51313
95375
100083
117523
92476
110607
97182
93818
101623
109263
89632
172859
224131
188356
114112
170049
104072
125494
2837
550693
576764
519575
668050
704777
368933
424163
287901
111849
100927
92379
93622
92341
100075
90412
88258
89231
89272
88709
90706
90654
123742
89507
93321
91149
131477
89867
98695
89554
97029
103904
103818
108057
176159
194195
117696
104474
92872
125650
92614
107135
93140
116901
125041
89792
90289
100071
104164
87431
113641
96834
105644
114129
106451
100200
111675
105232
86757
88794
120718
89007
109212
101396
121014
88508
105526
92425
113711
109966
98446
98599
100637
95892
354217
375381
327408
28386
11557
16040
12054
16735
9766
24146
15969
13207
15267
46353
23382
18452
15737
20584
15785
18846
18327
13478
25665
19465
22333
20895
17100
14636
18518
18694
18941
25353
31391
19472
16355
106797
96602
112292
104303
103092
99223
104772
88776
95754
107828
95946
96703
88610
100045
101102
119178
116722
117672
125474
126890
111190
111390
97066
107701
170156
12691
12872
17100
17163
17379
30345
15437
16512
25610
35030
21576
20329
24992
19068
27878
34659
17670
16750
20340
48809
43496
25385
14855
17541
24110
26757
19025
18254
17563
20473
15390
18027
102484
117790
104596
133822
128807
109497
109803
122410
92129
89352
115599
89926
120866
134333
131444
108413
97239
88470
113202
124101
105037
93070
108757
88068
101457
96691
103869
86585
96431
95875
90144
111041
104127
110992
103924
92454
102531
89504
109443
104290
99763
112782
86830
111983
91580
88197
140847
13022
12727
20779
14153
22399
13061
18059
13629
11063
12596
19207
33640
10586
33519
27933
19058
16623
20160
19047
18618
19927
32318
16637
46130
19940
24619
34597
30857
28295
25144
18935
18590
18121
18082
23317
18419
14595
24710
51418
73357
88929
99905
84811
98538
84526
101099
82402
99657
93308
89168
104311
104103
119754
148951
111448
107310
113592
110309
108592
98546
106673
104746
91400
89519
99609
89287
107623
99575
110789
96311
102657
118848
143586
158246
12532
12836
13371
12242
12459
12099
11843
12024
12691
34140
22897
9787
23045
24743
15055
22294
18233
15910
18073
19114
14400
3581
27950
30581
28320
23612
18805
21852
41255
19659
17194
16457
26278
16835
17622
15996
16781
28117
18252
14596
18781
22510
26894
19467
17701
18803
18333
28186
51995
117957
110848
101835
106869
95993
130519
94003
107190
110749
96030
102793
91988
96972
89084
116293
90373
106543
97552
106221
104109
99680
100981
96768
99119
98631
104162
90327
120643
105589
122363
97730
103208
99114
107786
117751
128285
90718
92618
100152
103534
89638
91694
233276
197254
12386
21596
14784
9165
16396
8599
26486
14572
20196
14244
8620
21257
14220
33817
59185
41286
15827
25082
25928
18280
16604
16717
18775
13868
46985
14396
37972
17202
33844
18758
16350
17828
19014
18253
14377
31148
38843
18017
17333
84206
91375
92300
90288
106329
113576
131482
89299
103086
101605
110636
109265
94401
88477
87108
94424
84283
88848
88776
111293
106738
88792
105365
121291
107238
113645
88923
98232
95278
81058
94570
110754
85872
94432
101911
95593
110510
111770
156630
169149
105088
97910
131215
96832
89273
94257
95100
100089
109301
102224
101554
103904
117336
103699
95087
102324
100059
89887
108724
97300
88636
102429
100717
112956
96980
126071
93825
96818
98168
97111
89499
89284
104631
105131
88887
96496
91649
91174
106020
98929
115122
125658
87167
101736
112235
155040
254174
169064
31428
10495
12759
12852
12481
14573
12811
13818
9831
21473
14690
16439
13442
11841
24921
13694
24306
18474
17739
17104
31727
35588
24024
14170
25357
36942
18740
18912
27100
17899
22473
17416
26658
14450
26316
16773
43104
65138
67242
111145
86634
102575
89079
102530
86332
88088
177898
171860
274983
111009
105609
96888
98771
113453
87364
103004
86693
89675
94449
84969
101115
87566
89145
96487
88683
87508
106583
100826
94802
110275
101909
89808
135491
125708
12783
8656
11645
13431
11823
11916
23428
9107
12875
14312
12183
19759
14522
16096
17308
18979
26186
18991
18089
18122
26464
23590
16053
31508
14565
26002
18359
14829
16730
21752
41431
15294
26362
23601
29891
16783
25726
18087
18156
15753
17712
19780
23618
25311
17840
25494
19946
60853
80655
84777
89078
100641
89421
107992
106920
3275
97265
100777
226327
201678
251393
20700
37084
27460
33888
47036
34151
45415
49948
28617
15093
13960
35918
18994
24531
19656
17203
17054
16609
20310
15066
12794
29301
21148
26194
14824
17688
28141
32057
14425
52876
98580
98619
90018
88062
105645
105679
111751
112349
99797
110211
96895
96805
111291
93892
100016
88886
102199
100368
107748
92621
89149
103282
104341
111814
94985
105196
103697
135769
86826
113213
101472
103147
91308
93887
87730
91737
97488
87490
100586
86552
97154
103435
109164
93063
110940
88243
92287
98623
86072
86910
92220
88993
86939
87884
89413
90302
87672
97130
87791
88101
87188
90035
92565
88926
89683
92116
97526
97064
93872
90009
98716
88392
101860
87949
100806
96221
98051
91019
87120
104490
100534
110631
89950
111349
87029
88952
98846
99694
90069
15324
104747
102177
101064
107578
112719
102043
96856
105717
112138
144205
110807
115533
90575
101797
102439
92415
106423
120447
101046
111975
109331
97452
185690
259468
254104
117068
102174
113186
96525
90753
89567
129024
113626
170252
169190
109210
105919
96319
96606
91051
91655
89223
96379
94620
90181
97167
96627
96071
89888
90207
97782
84969
92235
91264
107383
102370
113833
131023
98194
113577
88917
110432
101422
188187
187695
301662
135453
133626
13421
13127
7945
12384
13483
12021
12551
17055
12519
22586
20734
10677
17385
48561
43028
17296
28183
16959
19936
73407
113282
68190
73493
128533
127608
146676
248289
249883
447664
270651
393181
351022
124144
124067
102710
111888
112341
270058
457119
647287
523105
608888
678558
604452
120156
105009
117613
193664
163518
20297
23946
20906
16855
21546
30954
37646
24293
19778
26918
29095
15767
46616
15450
26481
20147
106886
115777
88195
89475
110563
84919
110385
106057
92346
88176
97346
87452
104903
89166
107664
95250
95929
112270
87511
102983
107260
148819
18284
29975
15129
29021
14913
20874
28444
17288
18490
23709
20257
47439
26306
17107
26653
18603
61986
13525
11367
11868
12177
12148
17887
11671
14779
11275
20536
24195
16777
10686
7754
8222
73945
14850
13943
34793
14532
15309
19797
12337
14718
8469
23041
27785
8968
13359
28974
13671
14563
13853
12808
13611
12391
13415
13749
22141
10336
16740
22344
21533
9500
13918
8836
12631
12695
13121
20833
103252
12316
23487
16256
12354
34657
16683
12426
21695
127507
114288
140658
248713
235270
120156
135467
99144
134725
122910
105676
94781
108470
100017
87662
96607
92576
104321
99800
88022
85561
107028
108516
104642
108643
123035
123100
101529
98127
120364
101237
89122
97536
94565
87432
110882
102830
93556
122494
102856
101452
111698
100880
104790
102238
99193
120935
99010
89601
114418
95677
93478
107276
106240
113238
126699
115852
109872
118373
229184
93782
115288
99974
108538
98405
87480
84933
100468
112392
93305
111348
112350
86647
93925
89245
89065
88460
91967
95132
105560
106200
97001
102566
89102
89656
87190
101872
106467
116210
108973
108388
89432
88197
100687
101551
89120
103187
102690
103404
101634
99370
98389
107001
112591
88700
132220
94624
100581
93246
106810
131011
95033
104122
90239
88474
88893
85090
97133
111748
99841
173680
22516
13642
12901
11762
11266
11283
11452
11333
11255
10825
11020
11430
10881
11192
12583
13501
58759
78653
80661
87913
103358
109376
112053
143640
136210
103637
102618
87502
104450
105747
116001
115064
85832
88883
107805
96659
96740
98144
128295
105260
99614
86602
96682
95102
107694
93553
99831
91087
102243
90778
88906
110803
109774
102126
91643
113696
95008
91704
113738
123470
97715
93535
121296
102914
87210
101231
95434
110060
104337
100347
155581
151210
88437
108180
93460
86314
101052
103446
84488
88573
104267
108309
119730
106520
119088
107262
159014
12362
14021
20782
12986
20085
11620
12834
13024
12541
29523
8582
13923
20732
16931
90306
79853
101266
95074
96008
87813
96858
101016
85134
113591
126383
110552
106619
111820
96041
108579
100180
118162
152243
102851
111274
113203
97288
110690
84734
97803
101158
109234
102546
91893
102906
87174
107487
94700
95864
89982
88513
118060
86205
88130
86436
117054
86671
87527
92274
95368
112695
111540
87277
225253
208470
190347
181470
98659
177206
14062
13593
13542
11648
11271
8694
12081
11507
13860
12537
10733
12290
27488
44652
42416
26410
14080
16726
16173
17199
17454
16087
16045
19739
14094
13772
43832
23830
29729
24227
26064
27834
101212
88559
94201
89242
98325
107480
120237
96046
86493
110182
100955
83855
91449
89688
101872
112894
102253
96801
88087
144143
86439
110972
85594
125745
99364
96614
115462
88436
102108
97929
88253
93952
109317
107569
108436
108662
101589
223554
35062
9453
20241
21106
14197
12840
8312
23876
26585
14358
39347
34128
29863
15960
18153
16397
18700
26987
38144
17479
16303
16044
15679
17971
17749
17489
29793
18301
18439
24857
26093
20371
16882
17696
25856
26041
13736
17045
15650
17105
18422
16676
17039
17925
16944
28821
70873
72436
84044
108875
85735
99355
86520
93078
87730
96505
96849
94508
87360
103612
88700
110062
86956
105658
105162
104853
86109
111252
96156
103246
88963
89194
106929
89090
112332
88360
97769
109867
91980
116285
97252
91710
95810
109085
89244
94992
127654
103383
114870
107172
145650
12935
11934
12801
11819
12857
12826
12381
12800
12751
11297
12376
11182
10541
14820
25573
34595
15296
39997
36310
20605
23458
18226
17223
18870
15672
17326
17339
14149
17225
20949
14820
19493
27205
47793
35232
19739
17719
33367
18268
19356
17303
19048
26882
17040
16663
19090
17858
23436
17534
401447
363633
470615
561025
658608
762597
814281
880344
270518
150794
99025
90909
86896
91701
100583
101985
110158
115802
108706
93915
121028
148984
20499
13530
12611
14587
13234
12634
13844
25805
18288
25660
21748
29253
43857
32615
28368
18571
18697
17506
16469
16112
15717
17856
18009
17790
18091
15602
26946
24176
14756
18181
16403
28719
14348
12952
16322
67738
50877
103511
106163
105771
139262
101702
89625
88289
86888
97416
91093
87720
101458
86641
88244
89973
97253
87913
102313
106865
184876
184707
102458
104069
99184
104462
93248
112046
117991
88275
104376
88317
96358
92027
93660
100953
94247
131906
113393
112665
113838
111132
171604
197645
122252
98930
130301
12244
18947
12792
12545
21352
13766
12662
11740
11945
11476
12080
12751
36361
15149
27966
13368
33070
18762
17694
17384
25631
17712
18090
25762
17317
17273
14060
17466
15537
17241
15261
17252
17417
17578
17234
16883
17113
23686
15519
17827
16201
17707
14326
17604
25911
16991
13735
18020
19733
17371
17835
17256
18906
26837
14172
22674
18874
106794
112203
107451
99486
104770
99257
114057
91569
102652
86258
91634
88702
87677
88392
89777
102640
90685
89121
80974
95600
97148
95823
95242
86458
100049
89422
142767
121320
13197
20271
12697
10469
12164
12537
12223
14530
8545
8126
23336
23053
14564
12359
13616
10918
26406
25629
29479
27412
15059
17210
25582
22641
20405
33526
23135
18864
17994
17766
18312
18018
25266
17763
19250
31255
47105
15755
17351
18084
24892
29545
30533
17728
16352
16825
16743
30094
13513
19281
22094
26957
100269
97959
98289
100030
87451
91658
91676
99685
114631
90819
110470
98614
98201
112544
95430
88005
94747
83272
92587
110345
83368
87570
94921
93049
93151
88896
87619
99418
95896
88011
87015
88093
96580
84775
103853
108979
87482
96890
108238
100128
105864
117274
103830
103523
89041
95174
103975
88855
91418
106064
87129
194486
175897
15257
11618
24309
18165
14688
12652
13456
20472
28362
38013
12487
33913
23880
29119
30829
29663
22971
23452
20565
20075
18932
25020
17836
20182
20891
31189
24865
27256
37849
20338
29320
120113
128559
1389685
148198
147739
2125546
2219225
1695351
1738009
1791074
124819
92404
111317
88028
120631
97408
88055
68251
90825
80716
87508
87831
102408
75305
88902
79361
87897
96367
102170
83409
71598
69445
76253
75282
101337
102683
96560
76919
84018
92580
71508
93421
93496
87201
117276
89856
87290
97575
82118
113468
86057
88716
84853
96682
84693
82418
85749
69641
104533
79274
78953
94103
99795
103491
90588
91044
83005
101580
93670
97436
84045
104278
92287
89415
81117
78118
85407
76861
96748
81763
78588
95305
89429
70796
91214
93960
95236
86576
76161
91661
74669
78870
84236
95483
85442
84131
84148
72219
112012
102404
70496
95148
79492
91105
104132
97557
99568
80896
98894
74993
69346
79025
86089
95453
81998
80475
75226
86399
90795
92047
84591
92926
94325
82264
77884
83528
68425
73869
68652
85140
68978
74325
73599
73309
73002
73420
75479
74269
88209
74193
69187
74144
76149
73575
76485
79234
69734
81338
69087
83611
68617
80955
68264
74050
68632
89022
89911
70898
113457
125956
111563
107047
96053
107143
101779
109389
116459
86020
118593
109052
99848
103831
88689
110774
87087
92255
102077
87185
113445
97367
151395
121214
12415
14366
8975
13072
11945
12670
19050
22169
8481
23514
11811
21972
13648
99254
79859
90969
84980
111941
88609
90876
108257
108030
99076
112554
98806
116663
101317
102855
94584
97234
102589
100884
102250
98957
103083
101645
91714
103035
92764
106171
86984
94256
81404
120767
89950
103621
86995
110527
89015
97748
98268
96241
88967
104046
87395
94346
88544
100080
87139
99868
85522
118850
88894
99805
97976
89143
95622
129202
139441
91055
89621
105295
103248
126121
106955
95065
93214
102409
103936
101444
88246
96038
105622
88411
95585
96812
107699
96348
91048
104960
100647
104718
86739
98597
88442
89599
99439
112986
92319
89182
111216
104858
122558
95120
107652
152615
23436
12289
13806
12342
18946
14419
21122
13899
21111
11213
15570
27291
9349
31984
18455
18034
16315
16750
16620
16884
28560
19998
18335
27100
20408
19387
25255
30020
120677
89798
102502
104237
127523
98382
111818
97974
120223
471835
441658
504869
477609
568907
99133
127114
105197
96366
118433
27373
19347
19123
17651
17701
30579
13853
79796
65748
100797
115777
90751
111086
124705
19347
14932
18065
18598
17630
16974
18010
72558
83758
121559
110294
107765
111632
108475
89160
84545
87583
101627
88210
88651
100466
88437
88894
96648
130054
102148
88527
95748
102862
105465
91121
97971
86641
105048
119114
109011
109841
115567
104476
112348
99035
113610
99328
105577
109120
104011
97079
97687
102275
89240
170493
173091
124079
99322
90342
109714
109172
116008
87437
88718
91417
84355
100211
97336
90798
89306
86567
113611
215034
220784
304086
292930
179357
88327
172881
20895
12846
22328
27072
13350
12393
14224
12732
19729
14182
11421
12094
23458
23488
23580
20644
31711
17568
29971
55177
20982
37284
41422
18468
27227
14057
25715
17957
26679
14147
26050
40989
75269
138367
100669
99163
89064
89978
123858
17384
17619
26391
19195
18791
82046
46562
72539
91537
101992
87845
105949
88983
110680
88759
86843
88418
109370
89331
84793
84602
90440
91911
101382
114011
122527
98521
147543
18178
17138
16515
17275
13860
30102
27217
19639
17481
36714
26292
19487
27775
25472
27786
26091
27606
28857
17970
16643
19211
18430
25412
18282
45711
33809
17808
31379
35703
17614
102376
91494
98845
204812
201164
316164
128239
127597
101008
99705
123132
115686
104111
94291
99181
89486
84935
88313
96459
88566
106016
89802
132576
87019
108451
100171
102736
89372
98555
101566
105210
117611
90863
97750
128456
107992
126447
107834
109962
117246
109292
97245
108201
99397
107907
106658
88488
88549
118216
106439
128339
98027
299901
274670
360301
104742
152901
194348
21116
13399
10771
13444
13887
12801
8901
13920
15065
25427
8198
12718
19595
12668
24986
24009
17674
16646
16660
20411
18769
14410
16969
25161
25730
24838
28881
17645
17832
17552
18073
17538
18143
16312
22155
18328
30258
22880
20283
30936
65299
111695
98945
89421
98846
92552
89256
118310
118103
100331
109212
107531
98187
93491
101778
88379
98731
99918
109537
87241
109844
103815
100297
129501
134908
104132
104909
111047
102773
106792
95868
91551
106066
111445
84404
102996
111420
114935
122134
103744
93987
95375
108799
107891
89279
93220
93195
99644
159880
15742
20602
16066
15204
16415
13310
20451
12128
14520
12051
20923
14139
29145
24473
22445
14930
33865
29638
17613
25993
56415
23173
14545
19473
17289
27086
27611
17285
32412
24797
20339
22788
35209
18746
17169
114868
111875
104540
108533
93460
92271
172293
173882
22081
22771
41148
25094
36560
20081
26551
18422
77940
133152
90965
135168
17799
20509
19782
27219
28854
31012
14637
60920
72816
18863
69428
98593
97467
121306
90002
103034
87860
93079
90510
90310
88441
96392
86672
110394
105011
107999
89297
104642
103205
89566
95580
88364
94282
105216
99045
112193
96100
103585
103521
113322
95658
97273
92619
90241
111183
103182
108663
108430
93609
92364
95008
101384
97798
102198
117103
93799
88585
95555
88125
95527
88674
168888
165982
15998
16680
19797
12212
19689
13748
13507
13702
13907
9081
12825
18866
12309
26723
19377
25122
15427
33427
14339
44656
19464
27068
16717
17874
32588
25464
17761
17788
26238
17572
27819
15491
32457
26761
35031
18556
17057
17836
23624
17666
17057
16935
49942
106617
107315
122727
261878
250163
262935
35974
38224
40873
19120
16724
18250
17818
16477
17268
22987
17851
16649
17501
16538
16529
17347
31234
2371
1911
3282
1817
2085
1748
1947
1751
112707
2121
104224
104429
106250
2497
2165
1821
1665
100085
109693
1986
112845
112517
88901
2120
107839
98208
102310
2549
2107
234579
159834
2242
20552
21842
2661
13048
29215
20581
15271
22115
20915
25982
17698
2865
2466
21561
26902
30785
25324
24484
13806
80306
105662
90610
90902
103198
98241
102645
102539
2308
194811
171880
263563
2244
99885
91725
2392
93119
107414
115114
88713
89017
150827
194631
35168
27735
44932
2559
19893
2619
21951
2166
18577
2403
27689
72478
18151
121271
101861
125356
87664
254306
223212
332606
98654
2531
91428
91450
110614
86955
117575
121622
87443
98254
88934
89855
2722
105760
100142
91579
89841
87347
112740
117284
86818
93747
98347
99502
90742
108319
105894
95697
85080
103727
94320
93638
2278
92053
97499
96460
96474
113434
101387
87141
89542
98606
2838
96805
91554
109725
108117
87432
92201
104764
85522
98375
3113
101786
139159
96534
113833
109156
90232
104944
94825
99299
90037
90978
89063
88883
100430
87983
106843
110276
120961
108723
111621
99368
106271
98584
97676
96075
87519
89402
88682
90538
116430
101814
105591
92198
115449
86733
103320
91181
103086
164926
2477
93676
122112
90094
107534
104182
88764
111587
109799
110719
114596
97858
93496
90898
89755
116277
178768
195889
135455
2771
134413
97771
114920
99140
101838
116545
90353
116950
102149
3561
109446
189935
188134
320354
114518
97588
109157
87324
117020
99815
104622
96969
91063
101606
103551
111201
124690
120278
100540
120644
103138
109100
85775
111412
93138
110462
85964
96673
108985
2540
113116
124041
94072
247060
232908
348485
442593
103586
100671
100478
89792
103579
120308
90125
88231
113853
86001
92011
117484
132626
110612
105486
97577
90265
102158
117439
114606
87451
97580
89732
107672
99955
94365
101883
100371
87682
88905
114413
13718
20278
13335
8425
13042
9772
12941
21776
13937
18743
11889
13294
12618
13804
132808
132061
102319
108471
107568
218442
225734
106735
102022
102031
113536
160600
120809
11820
14001
11038
15350
14827
26143
12821
14585
21244
103859
129927
91416
88195
97476
92678
91042
91879
93687
92947
97510
88612
99444
93566
3081
127909
12937
13900
18006
19728
16637
17581
20848
20518
13920
24418
22147
20959
27111
93846
106343
87758
99720
102038
92277
101550
86643
88871
88651
127996
102908
129122
96286
120837
104560
99390
109237
110401
88709
101753
113880
3342
106684
103636
103502
82178
100129
109592
114803
87662
89499
96026
107032
99965
114937
90147
102204
90421
113501
117252
120995
99548
91447
113915
104006
86489
91890
90476
102223
103876
98090
88944
100145
94461
87580
123963
97013
96934
97254
96698
106319
116031
89162
100016
123613
108891
107150
108046
87766
106144
109571
102420
103215
98273
117995
98561
99887
104611
105691
99774
112199
100788
86664
102790
220312
96875
102222
119556
116791
116045
117022
286680
383428
411755
325078
104459
103216
97786
89346
103821
86501
104665
85834
93867
108754
111740
93838
113167
113069
108523
103125
109327
88460
89842
87619
103471
87866
196695
167877
14317
13330
21411
15038
14230
11118
12753
12529
13432
13691
19058
12432
13726
25625
33086
35641
68635
137796
97244
85105
110823
104195
90453
100957
104845
91779
106664
91939
126662
117109
99066
96395
101478
91860
87165
88748
160658
122210
21006
14651
10651
13524
11558
12628
18871
16188
11962
21883
13583
12320
11535
11893
16861
26131
15301
14009
36772
20938
76190
16782
50524
87617
88918
101206
87404
95125
97109
108445
92791
103791
94551
92674
104969
116664
89422
3081
98448
107474
106846
119200
147130
152002
73928
63240
114368
91933
107532
117946
101576
106392
86481
101144
90301
102769
89352
98623
105601
98542
90768
112548
113777
102067
137147
17762
17267
30009
17975
19157
18027
17285
17315
17447
27469
17904
17677
2762
18101
17513
40029
14313
26818
17930
113546
97866
109658
109354
90361
128068
18491
25489
21044
24244
24183
17679
18017
18361
29574
17497
17128
17291
17227
21055
101604
97671
110166
127382
101668
152751
208254
154714
17844
20904
17595
20826
28716
32854
18828
21542
17062
15854
24707
17720
17599
17265
16589
16242
30125
64431
91345
111910
91582
90311
110560
98949
96543
89826
109850
102003
117906
110677
122188
119014
118783
95811
94938
101112
89347
103452
90089
2631
103988
96854
123811
44057
18099
15739
12019
13165
21927
12371
11873
24505
22092
27115
22421
26508
31851
36125
26038
20628
14208
18133
20082
14696
27298
31169
26735
3009
20499
25461
32566
18907
18504
14087
65621
91350
115483
87751
160386
151296
28403
18070
18226
17602
17065
32415
22332
14479
96002
98214
89943
101351
94162
107350
3219
107874
94078
113612
89519
121504
99990
115739
106998
87627
90440
110020
127412
105625
117215
90627
88593
108378
113894
115186
101424
163032
139764
97731
101749
88768
97210
94814
90050
87767
114758
103696
96661
110786
98104
94069
112177
99159
98198
99110
95051
89543
88196
91886
95447
86209
111093
118472
114515
111727
106907
153083
210440
190057
108128
95988
91670
88939
88476
120782
89065
115762
96066
94021
92753
103064
107157
109293
95417
88752
101620
86183
91278
87302
94490
95962
104957
87846
97539
85961
103089
87035
100453
110634
101126
86179
101402
96097
92241
89297
100969
90558
93748
89656
98606
104592
150897
146436
12708
35903
21507
12175
14258
20796
15660
12247
31671
14437
13000
12685
12222
23179
25047
18852
21361
23092
15076
25401
18446
21978
17632
17733
16867
16581
18409
17332
17152
16419
78715
104626
124105
114328
118174
144914
98684
98317
98847
87697
111656
101784
88446
93898
105221
108267
95758
95268
120964
93000
100269
98143
102539
89815
97559
94546
93819
101689
183022
150953
28730
22239
22445
32505
36724
19170
18632
22034
16263
17111
18013
16818
17147
44776
15484
13440
45643
19486
25842
19036
27404
14945
13767
23725
25688
67166
76789
68206
116786
90457
118879
97852
111620
97959
85157
91160
104150
86997
100137
110766
87655
118797
103984
89817
87741
107024
149727
162155
88879
105652
88752
89971
114753
102172
107673
90984
117689
101200
130976
99297
87902
93814
137728
92860
98088
98041
85612
90889
101677
100271
107922
142711
121106
21469
13680
11935
11590
11520
13567
10600
11563
10322
12922
9880
12951
9571
12202
20459
12132
11455
21862
22828
22142
16281
17238
20826
17412
20410
34381
34327
16762
26539
30352
18000
17095
17851
16902
16642
16851
17366
29471
18084
26684
16992
19574
15320
39611
15379
26458
18155
18699
19249
15006
18095
17739
16805
16927
52014
114141
162928
156533
30863
17137
25996
18784
16853
17652
17409
16899
17653
45776
17257
20221
27991
19690
18813
22697
19916
17848
24068
27998
17098
17165
21100
64974
61955
94301
95959
107507
121210
112447
103708
107721
87246
107316
95422
102373
115038
229646
39005
21067
13740
43804
16989
18139
28871
17323
29541
14323
16907
27093
31650
28132
15162
18555
17469
19983
26224
19684
17954
20536
17857
16619
16402
16406
23318
19351
13710
17134
16638
17784
72222
63492
87115
102766
83462
107372
66361
96623
87595
104552
111606
112271
119769
89118
134579
145393
95796
109016
105867
93499
94594
109325
108769
96620
90074
87477
121443
268866
252445
350407
431696
97908
107250
94590
94859
115426
13397
9602
12967
13178
12356
12373
12889
15114
20099
11851
15361
15059
20332
32365
22980
24067
17130
16548
16242
47723
19410
15480
16845
19086
16458
26726
15901
19468
28440
25483
31658
14786
36936
35762
19265
33048
28103
16417
26937
34777
83685
90251
96188
84984
111806
86402
118516
99429
100474
122195
117404
97374
96155
126592
85751
92716
96398
99256
85896
100689
106698
88049
92931
126974
119756
113191
100417
102520
91048
107500
84541
107046
89764
99425
88658
110354
86115
108174
109985
104655
100870
107858
88413
101424
107513
98961
157623
12733
12852
13253
12048
11722
11302
16722
9702
22739
8796
21796
19683
25599
26030
24083
19072
18722
23972
14560
17695
17044
18083
21295
27132
14857
16114
17090
46237
24905
35687
20124
18776
17262
14479
17664
30797
25187
76919
75340
85378
125556
123269
90982
91021
95732
92402
89397
109059
126040
115883
90890
92119
94419
122659
99312
93408
91763
88021
101543
3065
110017
112664
101092
350312
237936
401620
485884
571435
374652
104139
104029
98942
110432
110441
97118
87215
92337
120113
102805
101154
117153
96438
107843
103917
116046
101792
87986
87959
94741
102631
88169
98109
107770
107241
120029
113867
108256
90890
91561
99382
123747
115434
89687
104224
92331
91971
89327
88570
89452
121205
98728
88144
113350
104752
90566
79755
115761
91915
90241
88683
95652
89646
102504
103331
108643
137184
125212
126684
96863
109986
86154
89585
90684
85141
89712
91674
104892
102608
87729
98994
112594
97935
98267
106779
97299
87029
95251
96888
116231
104733
91818
95280
87416
90076
117197
117499
97805
133245
134703
98914
122210
89909
98496
88401
90528
89330
87476
87681
89940
106893
158114
171881
14378
9647
29290
19695
13217
12211
19192
13615
13134
20229
19977
12186
19435
32712
18245
19473
25815
19840
14270
18105
15087
17809
92400
89991
105455
91299
103050
89328
95455
120873
91721
101783
98232
98498
88526
99956
94051
86799
96525
86156
100184
86439
99950
106293
114837
107902
286596
255571
325857
107310
112860
119134
93893
117739
85001
96193
132039
111699
193677
188814
260291
127201
110523
113871
107948
86533
105352
97112
99827
92440
102971
103372
93921
143177
21887
22407
11243
28905
22147
25725
12585
13608
11210
12722
12146
13128
28590
27705
26635
14301
29728
44810
30634
13943
18587
18148
16779
25161
17044
18146
14335
17504
31816
40015
29937
17295
24918
77749
69349
103122
89306
104557
89955
104123
105266
92917
97635
109261
113275
100493
111087
110597
101695
109278
112394
2385129
2329842
2132811
1952981
2642280
2723656
2542419
1911993
3741546
3823183
2003782
2094336
1815652
1891858
1849381
1843406
1913479
1998655
1710767
642423
122293
129668
108939
2596966
2193263
1999626
2082153
107707
122754
111533
3716278
3703013
3802473
3885885
3649662
3215737
3274862
2671758
2753434
2837237
109442
101513
96629
74580
68578
95683
90098
96458
75765
83661
101790
72751
79697
76279
84609
95394
91080
85244
76744
91936
69938
84701
96108
74714
86651
87065
106976
96128
94333
89718
84074
104733
93999
88936
102634
98815
88314
79794
83811
93411
82676
89858
69659
86338
70600
81754
76367
87486
89409
74067
80572
82140
100218
78609
68515
71158
92006
79450
82645
83538
89100
83056
83004
72897
90799
86378
69115
74541
87624
74916
73568
85877
69760
95152
70783
84067
89065
80507
75469
73197
76839
72274
89279
76019
100720
74832
79422
85836
93380
115186
69818
91967
88745
82407
82855
73355
76409
85828
74378
74156
68838
72353
110807
103112
145552
110604
106930
103035
123546
123179
100177
87737
111317
97503
94795
85105
99641
97650
84647
100498
105830
108852
100907
109830
82910
100830
87430
115369
84514
92409
101133
100010
113911
95580
103842
89766
103111
109074
89392
116278
85580
103258
102436
97241
87109
96378
90193
98936
93381
97063
91868
96179
85748
105857
86128
97653
91055
88149
95267
111777
117567
97998
104027
112210
107873
100719
97966
88012
98901
3121
102845
101136
94418
106890
112482
102572
108605
110955
106708
127572
98228
95164
92923
85079
103881
99321
86316
109391
100803
99955
117271
2782
91695
209860
96501
101906
97129
121784
107320
283153
197669
296076
99775
105917
114936
96358
92025
89321
96385
103731
98255
116046
88351
106414
111793
106697
85931
110479
87071
88419
97097
107803
100044
99310
120978
94132
99319
107359
100127
96549
110241
103121
93568
102913
107343
96464
116288
92353
108537
83482
117399
107255
88263
87991
92580
157295
90171
115147
159167
148750
93295
100512
86788
111461
102192
83707
87779
107449
86921
89316
126325
13511
8546
14852
20300
21412
20854
13462
9610
13111
22004
14127
12270
11573
81787
83041
108592
88395
102235
102000
108837
99950
102028
118304
98736
119086
109593
103362
93948
94781
83726
84134
89221
105970
97336
84394
93385
91211
95933
102356
101817
91748
90680
87179
94941
88155
96133
84946
91933
88521
103912
87442
102150
89228
89580
91174
108512
117132
98215
98830
119742
94645
100425
95934
91755
98004
115213
107317
92640
107742
112340
99363
97551
127615
100118
224367
196979
303716
421027
106461
98059
100885
94308
91709
93658
101830
88237
105620
111073
106777
123897
117674
93765
106804
109555
90739
102728
88535
94163
103897
125525
116243
115491
87991
114301
107732
103488
114605
95797
102292
99830
87462
103836
93080
86528
86539
105516
106423
102857
101552
92880
110439
114889
111434
86556
116276
103080
106391
119251
108417
101364
116897
111003
99121
105506
88821
98840
104202
109553
105637
92122
132267
100003
135582
94078
96304
114506
102578
93461
114746
108236
87450
88914
101724
84710
100986
101175
113134
120054
109026
87556
115803
108228
88898
91386
91897
104330
92942
97386
92672
104334
91928
97475
107956
101492
114389
153161
266253
204528
107013
98283
101448
104501
88913
88936
125521
107575
104889
98019
102380
100958
123946
97776
91876
92922
99207
101826
87343
85151
106281
84467
93380
93054
103112
86304
100935
105198
100194
89735
108130
88489
95628
92743
111183
90406
115556
94473
114499
95485
109695
91592
107124
92205
93840
105399
88699
105148
122577
95076
97112
90704
93823
93458
87648
93346
92599
86986
92227
2981
100367
113197
94071
96401
95730
102686
96247
98175
96429
116297
87995
120481
85365
105909
99182
99703
115707
103630
93732
90336
91322
93825
89101
97768
91101
88228
91348
102581
85668
99354
83604
88835
91181
96869
124156
94658
108891
118674
91289
89246
102581
86046
98071
115211
105005
117865
99464
116994
86346
114964
106319
114039
90035
90680
97859
93217
146025
120775
118967
121217
101485
136822
102396
103485
106346
119876
96695
120481
110339
86528
113551
92359
122959
110149
99982
117721
104653
106965
103624
110903
125710
95065
97527
109407
91224
89392
121214
117487
101405
117720
96587
119058
109676
101587
108035
105970
110042
124206
13836
14414
13260
19379
12341
12635
10950
13537
13394
13777
18154
12879
28123
14959
9533
96881
116796
123774
95800
114791
102131
113589
122378
127620
127175
108942
99896
121516
98526
116911
100610
96296
90010
100928
92071
100081
89527
120336
112210
126637
91747
112769
113285
84367
114993
103374
85136
112180
105617
88190
89014
87604
87986
88948
120499
107658
120786
104601
116721
124722
104405
114819
131096
110925
101752
89537
90313
89277
109426
88289
93264
105895
87320
91317
102023
97794
93074
99401
95999
97953
95456
103032
85945
84654
104383
101356
114139
104770
90347
87959
120551
106589
104208
106884
107589
116713
89756
111909
106678
124511
100184
96538
102647
103022
93848
109832
108885
112548
103838
115894
87282
103629
277513
416227
305094
347500
159906
131878
125261
117271
301784
193827
19004
13942
16323
9436
9252
23197
20310
13182
13995
13463
23075
15940
135865
153734
88906
97447
115426
92759
88014
171445
157410
242796
22112
13175
12440
13236
18250
11204
14426
146448
129349
113898
127486
105042
123320
113735
92897
108757
114291
101924
112227
105194
121851
115509
108705
99774
86942
88915
89734
87399
90840
84002
87651
93881
106188
112636
108694
117188
100668
86608
109986
87372
102704
103118
92531
100278
100433
89549
91074
92249
98867
90001
88217
112855
94032
117530
131226
288139
285347
329600
94950
96011
92252
88683
89055
89505
100932
95168
107350
86772
119419
102808
128276
100079
105412
125958
108400
104035
118036
104182
98290
90675
114156
104354
108461
101839
88995
108160
102185
112316
117079
89662
89666
95796
87734
89833
94265
110962
85689
104724
104951
114727
100887
108211
103126
101135
107916
94144
88604
87948
99985
104023
88162
101875
107851
86897
96049
86912
100733
87733
100782
96578
88346
95537
88948
96880
93164
94079
90367
102126
85160
89429
129458
100629
93863
126565
89702
100385
85687
88935
97524
93504
84163
99256
111905
108708
88247
110823
101280
92415
87368
100670
91333
92494
99833
92261
103002
100536
105912
94758
130392
91927
97141
103787
100005
99717
101025
112281
107517
109721
115195
113767
120080
100243
87672
107164
91394
98774
118558
90485
92173
101984
121226
16212
22486
14170
13804
33816
28409
20785
11163
13951
14871
20775
20220
9611
170144
147134
165403
129346
128006
120222
105662
123895
117771
97366
107275
86846
115677
94388
91850
118210
91225
110400
87495
91697
89544
102602
99732
92011
115325
107971
88427
92120
121774
100247
88979
93254
115518
100555
97650
212829
176213
138726
108400
90248
147780
137013
109341
98650
103620
110775
104151
97484
98302
180473
109629
97513
84398
95546
103908
99196
108438
95045
100235
103143
104949
105911
89293
101702
102095
90218
99210
162082
122378
222880
192543
109416
98320
93528
91562
89867
88255
91775
89320
96614
172601
169013
28271
8822
14214
13447
20530
22089
23594
17115
17064
17781
17645
19725
14870
25650
18742
18372
17605
20415
30769
15120
36411
18154
33690
20097
14978
18717
17938
17504
17998
16980
19755
16924
20521
17277
100197
118397
99352
3211
103774
97255
115983
86974
100710
104283
88346
112536
105006
114973
102585
98311
104862
96915
106125
104997
88899
87785
102085
104308
88220
100244
226942
159510
23311
15578
8335
20473
12433
13243
9857
13284
13045
24247
23096
17974
20201
30568
18667
41506
21360
19835
14826
44368
22566
18288
17418
20233
17132
38393
23949
21658
14622
21078
70916
33925
22661
18721
25215
17975
52519
71130
68073
51748
52648
104525
18286
20685
26352
13561
27609
21536
18711
19350
16713
18351
19298
18357
27620
35639
154545
43315
15903
39112
22220
19391
19260
17733
62509
67571
104625
137799
99398
101559
111230
101353
105300
93850
99830
106873
100464
90878
86473
100420
101478
107636
105338
114966
91431
102655
103675
111428
107987
101798
104213
89716
99912
93158
87682
111071
86971
90298
88561
113186
102037
116378
91586
116208
85350
100541
102903
85957
113814
98119
86649
101952
123133
119695
109636
103158
102948
90956
92188
89593
100094
88861
89621
89430
91673
101146
105029
103407
90669
110178
114833
108514
96094
104456
164083
13538
23291
15620
14354
12910
11897
12252
11334
8376
14107
23373
10183
13848
12776
69027
25345
34178
29512
27498
13507
47697
18920
16678
17676
20316
15162
42229
15223
33595
36497
37549
17802
17286
16848
16050
16020
31601
40584
18206
25100
95067
55725
90614
101034
92307
109660
91694
94235
91420
88449
88745
113914
114983
92981
110013
161848
158075
18110
17110
17269
13929
18264
19082
25568
19144
33524
41528
32691
20894
28055
24393
20076
28954
20182
18809
31742
29029
32145
106604
125019
101214
118730
91035
97382
125421
101972
88008
113325
88133
99893
111056
126567
98993
102772
98777
109448
108504
111426
88785
110579
104039
88256
136076
109439
88977
115770
104714
99200
93271
89534
106814
109787
104576
111969
90277
102110
107633
102248
89772
109329
91840
99502
111402
194981
118806
88149
116629
101529
90599
110155
97956
97514
86415
93987
108353
99127
99443
109450
132893
93755
107117
98879
117324
99184
99404
93505
111411
131332
89746
113255
105223
97119
109969
113225
107449
104000
98477
90967
104333
90825
100181
103874
88560
108484
88722
237813
212580
452952
221052
295705
117876
132891
13943
12146
12210
12780
13440
12912
10868
12494
25028
11215
15631
41332
42284
14654
14168
24929
14314
17761
17629
16429
17990
17989
27457
18927
39409
27244
28162
19161
15257
21300
25279
113172
100257
111210
102679
89545
110816
106010
126051
111587
120967
102593
97182
104863
123044
98700
99318
84714
100274
101980
87931
97145
107392
95299
96333
96304
108395
176936
159198
19407
21555
20337
27344
38268
28075
15101
20407
38208
13558
36791
18254
27736
16799
24639
18579
28197
16314
25519
17285
16615
17673
15475
18455
16041
17734
17922
50288
49642
116183
92172
125354
104008
84757
104956
96052
95644
90361
129641
93526
123725
102818
86795
120021
114955
177828
180341
285811
109263
93625
100831
99882
100460
118369
89075
137241
101481
103325
141546
14238
27320
12757
13735
20846
13941
12160
11782
11408
11593
14162
10709
35228
24297
18617
17861
49793
17798
18529
14518
25542
27879
35128
24716
49462
19532
32673
20173
26709
18200
16880
16194
16662
17674
20139
14665
26915
32966
19170
27069
24271
19843
25122
17409
19808
106475
91337
95542
100008
96191
101280
91247
103769
97450
96746
88427
175734
19587
26453
20007
14604
19198
35918
20332
31117
15272
21579
18311
19975
18823
24893
21519
18865
23043
43866
19967
16089
24536
14106
38452
14386
18609
33322
20385
30488
17672
17497
17868
38234
128149
24683
31340
32154
14841
28497
17970
29066
18002
17885
16946
17144
16290
30293
37446
24172
25184
19756
13992
108611
96386
104249
98388
103934
88468
109439
98570
105456
92093
110830
107318
225704
232267
211952
169789
279122
123379
96614
108396
3481
108871
100135
88206
88304
89455
114229
87183
122602
322006
251626
324701
420623
153593
201008
133200
102486
109150
87717
90536
88329
90190
100898
89998
110186
94985
108365
88921
107084
95986
100798
105341
87820
94013
108244
89761
104355
114539
105669
102925
127661
115943
118938
116533
126426
13263
14217
13372
12556
11166
13552
30047
8700
22033
19095
21517
9694
16281
19188
43864
19209
25533
19606
17558
18362
25304
18732
22591
21944
28275
14973
22017
28448
28079
27204
78773
102541
88658
92757
90102
96472
90063
104636
102413
109633
99713
111373
89990
98334
85922
90960
97377
101886
87354
149987
152214
96014
102243
102797
95243
100837
89987
98262
98542
97817
80843
112399
95890
99850
98569
115248
93408
101646
87508
99684
89229
111025
98096
116150
116818
97600
96051
87173
97754
109050
97506
105439
102899
111021
100650
106576
95405
106978
106305
100867
112329
114262
98735
114880
273031
240714
343820
427615
490041
101714
90933
111348
92302
100760
96108
91670
114641
114076
108291
118122
110032
109302
110890
118920
110478
114291
292610
524490
689672
587102
675789
699967
789170
885745
755523
98608
101898
116490
102372
100111
97353
108915
89888
102986
133597
26508
22837
14351
9433
15721
14291
12118
31449
14158
27340
12721
13147
24309
23226
24819
15198
18580
13953
28028
18396
26341
19005
17527
92135
102227
100118
90919
88593
127331
122954
91140
112722
114020
105831
114010
103474
92009
87274
92121
86541
89625
124712
90610
90770
112745
102825
107293
91370
114125
109355
96635
105191
92163
96244
104601
96507
114138
87656
91640
92002
101750
103450
110418
98376
112415
90375
89738
88892
89691
119231
86746
103380
111908
97949
124957
89786
89146
100121
94044
118954
85316
94338
91108
101740
90148
99600
123851
107000
86658
103709
96648
97441
109278
99626
87234
100693
121330
116995
98838
99816
126252
98278
104799
101461
85644
89431
94858
259259
188637
105645
111330
210966
188654
296675
121764
110495
99436
89837
89198
89427
107413
103875
142392
113942
120852
96034
98606
105911
89015
95156
89643
99969
96073
85081
97357
100608
94507
88846
119509
89458
91846
88490
116068
114722
91775
122136
118009
96971
106404
98436
101735
96625
101129
94108
94144
99020
111904
107196
111266
103049
99863
111115
112925
117469
96661
116840
101705
94297
87178
86767
109764
107704
114302
114922
245378
223123
368289
166965
101424
92270
109343
101492
100608
86837
107762
107241
98881
88532
110169
106876
90106
94640
94754
96859
109705
96954
96479
85575
119845
88445
108060
98448
86520
129218
111069
92714
95086
96172
109347
95503
99929
85416
108139
208368
13269
13114
36241
14661
19416
11284
12538
20642
12627
15380
20770
8118
20687
26949
114925
116831
116381
111690
105651
84761
106483
103466
93216
110118
104007
131468
113657
117880
86272
101471
110669
86980
89154
91196
89980
89970
88376
96842
93406
88217
94843
92253
86616
100395
84523
88535
105115
105557
102245
92755
103379
95543
111040
86547
97612
93110
90268
92493
95879
95755
88336
99019
93842
93292
95981
92922
97341
92521
94861
88680
106007
99631
86012
92438
93353
104881
109616
89977
87459
110679
98512
117306
101276
115386
102187
83982
104037
101674
97856
96129
88351
102756
95336
104943
85708
104324
136492
110858
107151
92536
107837
122337
176656
163321
245542
103588
92612
120199
134993
2564
1643
1911
1765
1506
2718
130324
2525
95046
2401
1811
1730
1751
1931
2521
138820
97896
96086
100996
2589
119396
2215
1710
108674
90002
87885
87653
128996
104755
121092
94007
109666
2712
123979
118152
107441
6232
98936
90483
88014
99555
105372
87339
113236
86280
2107
95965
141393
116007
2760
2019
2194
161964
120327
2444
105376
129073
116274
111085
87639
100198
89598
119035
107696
103803
87320
104244
2296
106309
91318
2552
84914
110140
87100
119065
86823
96205
2328
102222
90245
91785
89559
102268
86913
96876
98867
101198
88140
2429
90447
96695
93332
110280
92347
87769
99603
91051
101097
98284
100922
118203
105425
104843
90240
129027
130275
125154
148454
3113
142757
2257
3296524
3306617
3344411
3122281
2900321
2658746
3345246
3098618
3229080
3060776
137030
119057
97565
2330
92382
117742
3135
109641
84665
112732
2485
83076
96793
93148
109854
2180
92742
112885
96747
94372
2287
106402
98472
100946
85904
78554
2509
97906
119383
79656
78856
107129
105421
74777
97029
80662
81237
107201
92754
113270
78645
88735
79517
78057
100387
84828
87151
81727
76705
76635
88517
75224
92272
92726
78804
82173
82608
89172
164850
105954
105140
93473
3084
107336
104272
98882
73378
90707
91532
122781
84726
92841
102069
89984
83756
70317
2980
103444
83311
71648
92460
78567
74420
151375
136614
103163
74326
103251
112811
94494
72410
101568
100220
84288
71893
84927
82141
93214
70942
78442
72091
79570
87385
3325
105175
116013
73396
80035
85820
100405
95066
82418
115066
69722
76874
84798
93004
74373
74690
72022
82665
93277
83436
94094
76782
86717
84159
2560
2806
101522
80783
119449
79070
74560
84165
82096
73504
86774
89196
93928
77453
80783
88469
97247
78921
89634
73196
79377
74113
74074
69567
86715
73968
90213
81874
100570
71057
88752
94704
76396
83280
83220
119669
75288
73495
93149
85032
72262
68766
92084
76571
84510
76668
78560
73250
71988
3329
97822
99684
107488
71640
102479
91460
92035
74506
93172
71323
97404
68892
74674
75063
73628
77411
75297
2632
92841
69883
86066
70122
77335
72640
91430
84109
76211
73357
97219
87662
95822
76185
74778
81882
92153
77632
105014
79328
69053
84685
89422
74013
95646
108429
70680
74341
80195
93259
143228
103270
118312
111484
96313
101762
89122
90802
89710
90412
96508
104958
89258
88892
88415
88030
94811
92186
99851
96482
90975
89923
2472
94813
110866
94957
127227
188928
190751
23785
29724
9175
14054
12777
28991
10846
13328
13243
19989
13725
130908
100062
101877
115584
105958
110790
101974
115680
100160
98389
112366
89089
89875
131226
115547
102274
124812
102931
118807
87669
101226
127016
100048
95119
95652
93768
87708
95753
92373
99791
115737
88591
115715
96211
102559
112772
98278
101969
96234
120177
86770
99250
95083
101603
153764
122142
12009
11820
11567
20471
28216
11443
16258
14379
23685
10947
14006
13311
13440
98459
109395
91357
141076
108957
116887
2446
107349
87325
104364
109770
109808
97185
104655
96733
96491
102376
101588
95157
103824
88965
96979
87752
101882
86337
94513
107535
91316
165129
176521
86311
123618
102628
108220
104174
91096
86668
101062
100059
85374
103080
87951
106441
88015
102283
93768
111682
87519
98090
86765
110871
90278
100788
103333
100518
146237
14042
19512
15010
18942
17808
34446
26034
20624
18624
25192
18317
26575
16682
16402
41379
14673
14146
28344
21394
18553
63067
50131
102533
88845
86209
87259
88348
105455
101515
147009
110760
111334
226163
275148
161368
84851
102895
97392
84411
98738
120165
89751
113037
117901
110020
89551
111699
106722
181023
111347
101261
88245
98155
88963
92299
101360
92906
115052
108158
105949
89488
125252
88673
101664
103365
95498
103487
87000
91569
106040
85352
87715
104588
111231
88307
90204
95536
108844
89764
166693
124231
11441
11946
12124
11872
11722
11678
12495
12339
12050
12079
11364
10296
11442
11757
12499
12587
12057
33291
25161
31940
18711
37958
16669
34722
26390
17178
17542
30714
20394
14841
21219
24381
21172
32400
20611
13850
20013
31702
20145
25974
32491
73459
69570
90701
83148
120685
98279
110577
91502
111917
101890
95110
96185
101250
102582
102010
88933
97621
113654
88238
104108
100238
126198
105341
97348
110504
106752
99862
101856
91293
89764
88011
96311
97394
88090
95213
83702
100485
85252
87599
96016
96434
89682
97975
96439
104934
90179
93604
121875
90976
106615
129324
248321
232475
343405
110033
95005
89298
108570
97134
97491
91615
96467
90033
87917
89913
116460
86969
124487
124701
13721
19506
19943
20513
14107
12632
13818
10875
12518
14754
10680
12563
12364
13651
24476
27775
18516
16953
17671
18052
26067
17728
26516
18097
16642
17597
13330
19119
14310
13392
29470
18098
24954
14171
23523
24959
13989
19690
18978
19340
39519
106913
113998
87041
103764
97948
97136
97080
97511
119879
98787
101615
89254
94558
114278
86486
112591
115767
154209
142432
89226
127027
94227
97507
98327
101338
87286
101588
116760
2310
250558
193157
130970
97573
111805
124400
96664
119814
99044
90030
98442
116864
285539
260589
309677
402888
118341
104015
124078
92069
95761
100809
93872
89774
87599
110540
118553
90188
111133
128231
103821
106556
119372
119553
109086
99548
85753
105452
90887
92135
88863
93103
104536
111423
100681
108101
104328
104231
90504
91234
84076
117232
116285
92521
88809
105973
88552
99072
90583
89774
88516
89661
97623
90498
96387
107038
98888
110190
109174
96812
98311
94508
98476
148678
121989
12367
11538
14439
12526
24721
26525
12826
12552
11625
12812
12481
13456
8514
28112
34256
38678
18180
22723
19403
14645
17171
23539
3618
19346
18877
25244
17787
18389
17718
67731
93934
99762
114205
102165
88516
114579
87812
93080
91112
88919
87695
87424
86924
121391
148235
187592
130305
27153
15795
17659
18408
16719
18552
18484
30986
83129
100122
90505
96325
99690
88597
118829
85271
100055
98772
98418
95754
87953
99883
91261
120213
98328
108898
214072
222151
100610
87875
91934
105221
87465
85035
101697
99075
107957
90594
90066
92044
105598
87348
104708
85205
107976
98592
93195
90635
90740
89665
88239
91301
89654
102725
116497
102080
99086
114417
110850
130958
86804
109146
105868
89550
88196
98969
97808
91574
88635
98753
83272
89858
89669
87399
119460
104029
85827
133253
91165
94441
89497
88622
96520
93711
105549
100071
115894
91012
106896
98536
115906
137760
140840
90476
91181
99824
98889
88182
88667
96628
86575
96758
97860
99800
87604
94620
84291
102666
102041
90183
115480
107727
114353
98246
108540
94439
99941
102605
98842
100087
100806
87749
108516
93217
101073
95372
86324
99585
101391
97734
101177
105523
91171
86850
92919
131268
89041
104632
132707
100417
125584
92636
90481
105273
104759
102393
104365
108685
97197
88449
94526
83955
89551
88213
99441
97633
104758
87166
110196
91122
95310
84422
87710
90499
96523
112950
235018
177159
119830
102304
105509
109100
91530
101914
86552
95572
89426
87474
94839
106429
85071
100374
102183
96776
87867
89776
88163
94214
108006
111991
99264
102246
110794
113714
97909
104020
96682
101555
131377
105248
100010
94142
95277
94799
90607
87755
94766
94151
92923
96997
86755
89794
99340
106435
100372
114722
113036
114078
108229
110168
105135
104227
88300
88788
100260
93307
86336
100820
109828
87938
122172
103395
98277
124210
102393
97455
89578
97220
89240
90481
99667
87535
87182
86165
110356
116216
102598
105090
96735
121791
101715
95165
100087
106553
98448
103229
99369
103878
134673
20209
19999
14389
8342
9570
12845
12608
12752
16593
14056
12542
19247
12307
17313
14172
86268
110418
93596
102757
91493
101324
85858
110399
86562
100908
84653
102533
90973
100825
86844
99076
89115
101543
87119
94998
86678
104646
110330
95648
120971
90577
88214
86494
89405
76904
77605
79162
93119
91662
85046
92342
101432
94586
88846
103772
86048
94956
103977
75176
129805
92321
149706
121863
81363
104315
89667
98987
101777
85542
77013
87835
83216
79911
79510
108489
94211
105310
105233
181092
171070
131503
96811
80437
77162
77627
62254
75510
90061
93952
86480
88075
96688
107112
116596
89951
84774
101278
84585
99285
78092
86363
94495
81548
73732
84250
94385
95383
62166
108609
88443
87253
62544
78492
105179
83865
84405
75050
82015
74771
75053
73690
79146
96365
61573
86141
76290
90994
103859
76722
75369
86781
84167
81056
86388
90023
86156
87088
79855
75415
87832
75585
85101
80118
84220
78409
88765
81467
84580
80487
85830
80867
83458
80805
86180
80244
79054
80570
86938
80091
86476
78962
76705
90632
61860
106371
92191
76426
101841
77996
102638
79308
93767
79622
77243
74533
80969
73694
74221
74588
81948
95781
99394
74699
85664
76160
73662
74773
72811
82738
79457
82417
84272
80897
79672
78834
74659
80483
75235
81533
85339
79685
76091
79699
86429
102217
200079
86809
142930
101504
83762
85445
117567
99476
115453
115059
119891
106557
84458
103867
100071
102555
110423
98877
96349
87856
102245
120760
100461
113800
102623
85559
107377
87442
82888
101958
86333
95989
85690
98633
92083
90623
88993
100704
100429
109483
88071
192602
177933
105000
95187
89019
89207
86373
94705
89775
87784
110522
87161
92233
99687
93202
87712
101539
105133
91259
90126
108959
112292
84885
86934
101825
98911
107205
103544
97862
107660
95585
98936
86828
89496
87444
106391
87269
88187
86845
87390
100418
92159
87493
95803
98767
95146
89535
88809
95376
86887
100832
98293
94088
97429
88942
97976
92704
101022
83992
100802
92900
109036
87823
95868
93078
99279
103795
85169
92742
105270
84238
107763
99752
92564
88221
107016
90290
112314
85796
99042
119161
101918
115210
110906
120967
91876
110126
123131
113972
92250
89076
100866
98366
114426
105595
93496
120539
92397
120934
122976
160439
160503
101397
90984
92076
90533
91510
112367
90047
130555
112610
97682
96843
99433
101087
89058
92485
87457
88328
86834
116868
115221
86542
103281
101023
114817
93736
105789
96062
97528
3058
98291
95140
107320
83716
95649
94081
111069
99394
108904
102566
94439
112166
89175
89398
101271
102215
100512
95040
94313
88168
93632
101410
95212
90544
98076
107506
105155
102599
90437
100055
100585
99770
103117
89356
88994
87850
93592
92413
89066
88161
87464
99700
97359
92998
121721
100924
111467
100853
98181
109442
108652
119216
107180
86957
168081
138148
13198
14951
12085
13503
14895
12129
26113
10257
15713
9280
14115
17615
13678
130869
93147
99752
93020
99738
94352
88256
97897
101641
101939
86242
97643
90221
96099
91310
87834
89124
85713
88570
88629
125407
14392
8838
21279
12502
12919
12002
12214
12722
11987
12110
11552
11424
21154
18695
9426
118452
88697
103458
103040
99110
100160
100381
111303
101437
108327
128733
97864
102974
90003
96581
88375
89102
98103
97839
83472
86029
105041
85899
88367
114143
108720
100251
126927
125745
95721
116172
111843
112113
95174
95526
91287
92933
111237
111764
108526
92098
116731
96460
98593
99555
101420
120203
99702
105528
101426
87089
105646
101282
106836
93210
110426
102947
114741
114666
103823
114641
96266
105967
86533
91395
100982
87527
109532
97625
95792
113238
89426
94288
96502
88609
89799
91775
119317
85447
88286
87119
89440
107489
102576
87261
96840
95334
87677
88158
86949
95581
94900
83644
102494
103597
123917
97998
108995
90480
101840
89817
113577
108585
129922
126981
106410
108215
83973
109626
98806
111101
92999
130067
85484
98918
86180
102373
101368
117143
101612
99922
96333
99548
106199
98200
88095
88673
116413
98326
132460
91634
103075
97594
104570
97685
103861
88084
115224
87516
87835
106244
89382
99705
122185
118003
102210
95813
101077
111568
101268
106948
103285
87867
92730
86273
108260
84603
93940
111430
86552
110291
107088
93832
110296
117368
107582
94266
94751
128193
87491
87983
96334
93646
99824
105862
92775
126022
87074
95388
92350
114673
103272
111264
151900
166987
88967
87419
86439
84716
101478
81046
89107
91139
92791
97998
102697
90164
98889
108706
116313
119169
97668
106274
105023
118695
122827
140087
13302
13599
21215
13506
22718
13089
19528
12920
11761
20760
12517
21400
83285
81026
87273
88149
112662
96305
113584
91870
114132
100017
100932
103452
110851
90701
101795
111131
86638
96998
90058
88966
92909
90219
118560
84560
111356
106096
111768
117822
94213
96790
117904
87136
88186
87647
102485
88947
98446
88694
86483
94605
89064
93755
100712
89119
95470
101825
87587
103104
99263
86153
103351
91521
90770
92598
104682
124324
104409
104206
103687
105923
101355
106181
103502
91540
100763
111983
104527
123042
138120
97011
116649
114643
95062
112812
102587
121142
108853
89944
117757
103231
115468
96254
305890
225054
322273
98308
102720
106808
100234
100313
97308
92304
86828
115164
109462
114103
106394
111576
103612
101176
117835
99760
102853
86895
100369
97407
90250
121398
100506
100437
91685
115702
110956
119882
92071
105894
107427
101580
115519
88688
99673
89489
95902
126164
102745
107885
187962
144799
11732
20726
29445
12820
11249
11443
12426
12158
12559
27828
11361
13699
8899
8896
31674
26759
18945
105953
109992
89390
88073
96227
97815
84114
89678
87250
89080
101844
99482
86772
91020
90577
114920
138828
101823
114279
90582
89145
108718
101957
87002
89430
89294
94613
87009
93197
83729
88751
176874
163783
246442
100057
108840
87898
100877
86877
90342
101216
94864
101027
98655
87756
103571
154405
120511
29173
15552
8733
12338
11791
13022
13181
11822
12506
24615
32231
27721
29794
19026
56696
37598
40484
32635
19417
17838
32657
17975
17942
17590
19605
17300
18802
39603
17762
18429
15248
27886
71930
117357
84039
89212
95524
96029
90707
105184
167745
153210
117795
87415
98189
86330
89314
93468
89324
104906
92996
91348
91015
86794
96229
129521
38343
24028
18279
16351
17969
28637
15528
17521
19969
14538
25441
21433
57250
50588
18625
17652
23489
20017
21140
23494
15349
39284
45794
41393
27481
18372
16976
17226
17668
26243
53527
50094
65053
123856
88233
108284
115503
119493
100899
107365
93284
103166
92293
97647
86502
98516
84809
98115
97564
106654
85908
91919
96196
107842
89286
103741
89743
99382
107774
122536
87321
108999
88704
104366
90216
99042
113935
109078
107258
94730
173884
12675
23044
13751
26538
8983
14218
18175
21135
9495
29982
13567
14189
14032
33951
23725
17869
13958
18776
19510
32315
14741
27356
21906
15519
18117
26713
15725
17273
17797
14802
17685
18460
15643
19021
28477
43929
36014
18349
27136
18444
17778
17911
17096
17709
17322
13982
17282
17173
13776
19921
111154
