6607
3666
1963
2942
2601
65444
2664
2484
19646
2400
6241
3210
3398
38592
33010
2305
2191
35001
27301
5511
3030
23547
32655
24681
2693
28545
2975
31109
21781
60142
105953
78554
79346
96290
79953
90382
3301
121435
221329
21687
23370
15078
2990
3238
38145
72106
129664
131251
112908
90660
3212
95883
105715
79075
101927
91222
77770
82839
93536
77832
79297
76183
2894
79810
76348
95931
61323
93767
91734
3456
2875
85649
3022
111104
77258
85901
97016
179748
170109
251000
3254
92606
104854
79714
78147
77628
4452
116715
92934
76935
90649
136463
91967
103024
83493
82925
75984
95951
88350
79066
2813
79143
89369
91635
111152
100817
118216
90314
162775
124279
110587
87336
95020
89501
82152
76543
88560
94742
90587
86025
88149
122903
97385
86305
127780
108874
79039
91372
81601
78336
79495
95086
110330
77237
88005
89866
79304
79181
76272
84361
3004
79898
101264
77100
82884
85003
77867
84150
80967
97505
89761
79486
105569
94089
2624
112660
92578
115524
3043
106224
90199
2598
129660
102326
99657
100665
113471
91606
88388
101551
102274
106354
109483
97451
82282
86779
84101
86093
77005
78991
76722
76346
83165
83383
77609
75967
96850
77095
79192
77533
78471
86437
86431
77723
77556
76240
94815
77731
118735
79411
79754
78159
87482
78228
86367
85341
76065
97752
87493
84782
86427
84752
91546
80912
76734
74576
75131
74616
94258
117508
95588
74187
85784
87485
107465
98720
90942
92971
78885
79443
93013
77578
77191
92065
80603
97286
75025
2887
85726
110395
77430
107069
77136
79209
81935
79567
86713
2633
102090
111968
94034
105590
101648
101302
84770
96159
88596
21557
91733
87956
88617
99080
93255
91594
83446
88178
90582
107265
143749
103664
97260
92930
141960
100042
100575
111658
102708
102284
87530
108241
116408
88112
103477
87917
76384
80339
75660
77400
92491
80992
97951
78857
82184
73627
74962
3085
84641
86899
79419
81980
80176
79212
99224
79153
94000
93977
3144
100914
3688
94259
108340
93178
74502
94904
3001
85323
114592
101609
81747
78345
81536
85587
80839
3335
125772
105970
104324
102102
102738
90881
96161
107272
121128
103392
88857
87005
88941
89278
90650
104346
94611
87894
149453
129145
184209
184350
119517
133135
111963
103603
101294
130489
113647
108637
99000
112210
99654
104169
110315
111290
98414
115713
107738
103856
108913
99361
118785
100892
119523
103508
116512
121486
128464
107699
116176
112533
115784
111462
120683
89141
88972
102166
93882
95790
120577
94320
112726
99427
95692
88351
91609
87367
99117
98263
101441
100081
100571
89407
86587
98749
87854
89132
86922
88713
88769
86351
85940
103628
99934
90620
99981
92996
97562
94733
99258
88207
85348
88015
86469
96140
87828
101904
86806
88450
90515
86620
85329
86361
90879
112823
85950
99188
106727
110840
103466
88258
116861
93960
3054
91591
88816
88631
93051
91572
97512
102349
108329
93115
99525
88804
88119
105277
91388
102098
89013
103540
106216
101036
105088
89511
88875
94362
97789
113111
91781
113250
117864
87737
115943
103675
90122
92113
91810
89269
105313
129673
94749
110205
113967
91862
100072
87340
89186
100774
122391
107941
116043
91350
113889
94244
95882
131417
89396
97323
115925
99985
139635
110644
92527
109676
99824
104371
171475
176426
101045
87884
109636
87833
159305
187729
182631
15181
23995
16861
22725
15471
13866
13660
21514
13392
13361
14898
27733
123991
120452
115149
101008
100576
99089
98992
99265
107689
98439
100388
106482
102688
98879
99375
111085
100396
133954
169968
247496
245712
304208
15063
14167
13644
13985
15438
22384
16923
11142
24193
16323
14933
163386
98096
108019
93092
91142
90342
84209
90768
87572
97047
104473
97080
89478
93009
125631
102183
95604
97853
95245
99844
92977
89205
89645
101715
87760
87313
88393
119682
85940
103049
111900
108031
86988
137729
114440
111180
112231
103670
103966
139983
271064
180938
13715
12576
13999
13691
20451
14830
12582
14044
15211
12768
14895
14673
95016
83750
146295
92208
253278
209458
115978
92286
101040
82700
86970
113265
88098
87655
100477
87014
87763
89969
91589
121125
92429
112297
92048
95009
123015
92548
91080
88699
89864
88738
107068
96105
83396
121681
117972
125215
99289
98043
119890
109021
101131
88356
90942
90950
89568
87117
102288
88882
99410
86171
104650
87659
88946
86698
105708
89515
95984
88249
113900
101002
101167
87556
245810
273587
97180
135803
132386
3426
116547
115975
90678
107591
88209
110368
88221
91289
107979
85420
152608
121076
12304
11939
11951
14413
10721
3175
12874
12645
22091
13026
12088
11629
13845
8786
35870
26974
28431
29924
17216
20651
25282
47955
14516
31966
15579
18769
32070
28522
23344
15423
28415
22051
36950
77831
71971
70565
68879
201594
3114
75455
51244
92258
100345
86458
90813
88113
111290
134481
116632
121716
106601
96120
102506
111325
96027
86564
106932
107209
97744
89076
96183
88017
87767
135138
113254
269609
262274
363010
439289
102305
89152
87654
108483
91022
104826
105779
102239
84899
90306
133722
99634
108735
105685
106497
97825
258767
223911
309896
97534
100218
122574
88615
83455
88476
106464
103074
87337
100416
97578
116625
91093
132243
13954
14348
22431
13544
11941
12171
11940
13380
30816
11474
21808
10964
45992
22937
24443
19457
28593
16918
13534
32471
38939
15294
32848
34882
19062
18530
18163
18099
15421
18481
19440
17471
17885
18940
17047
18560
25730
26184
17086
18082
18923
16918
16463
2863
103877
86745
103625
120843
90741
101491
104987
150065
96969
110778
96308
102155
102547
83502
106404
89893
104702
92753
130085
95988
113332
94323
90184
91179
89204
98172
101723
91768
88467
89007
88825
91834
100009
89938
98408
95413
99022
86730
104685
312628
286398
411614
498877
568140
96929
87340
124495
106053
118823
96323
95838
92452
91598
103190
94434
117070
102210
105172
125156
96675
96326
119438
106984
147324
21658
8753
14171
13008
22805
14373
13540
18092
25457
34924
30710
21275
40321
20228
18685
18047
23122
18885
18488
18069
19268
17168
23945
19985
93925
122771
97660
98698
87930
99746
88402
96544
102025
91023
99199
89746
111429
93996
176637
157454
18388
17611
25839
19095
17100
17589
68057
88523
89050
113684
109935
114070
128166
221662
203694
285165
115652
87481
87063
24860
14724
16970
28179
16818
17151
17088
17906
17512
16824
16476
32806
27371
32195
23468
73258
146029
97900
110497
103018
96152
91351
91472
109099
88892
88564
89141
93008
87931
104264
125577
39860
47373
34852
19108
17207
21853
37999
27566
15808
24702
18972
17178
36054
24481
18140
18912
18924
31255
17659
25739
21196
26914
92146
107020
107950
104691
109118
2524
100399
104309
98001
88903
101338
128105
31035
26476
37408
26393
20082
26170
18698
17757
18898
27672
18041
30010
17419
17440
44116
26463
25090
17751
16662
18345
17794
16653
17611
16738
28488
16963
19828
76094
62817
68361
72720
139390
88114
88338
100711
94833
84048
89051
92547
90384
90925
103422
86129
91257
107780
96989
108457
103599
87296
89783
109136
93501
91597
124766
163208
148321
13089
13389
14340
12778
12080
11750
11684
12001
23997
9533
15595
19636
11783
20661
33787
27962
17871
17748
45595
19221
19614
17162
20222
15682
18410
18097
39199
18748
17791
17605
17818
16663
17965
22487
17091
18230
14453
21401
29102
15617
13717
26898
14913
19504
17200
18181
18842
21041
15197
55145
23360
38534
14129
103012
110868
247978
210844
96264
85664
107965
105583
98667
109036
100255
90661
105649
89157
107731
179509
168482
120024
94629
99112
98572
90448
97958
94985
90466
87395
94179
97204
137366
107359
22934
109070
89283
108198
109687
93499
83810
94181
84337
88831
88134
113099
101445
89010
108785
97741
118341
89588
190657
171067
12937
10116
15190
13475
23292
11659
20102
26239
11577
16510
18394
39501
32528
18012
22913
18868
18513
28920
28427
21116
41690
16576
35049
20266
19800
18422
17388
21320
37513
40539
27788
91471
118041
118741
103169
251531
208453
19904
23351
29752
20787
20569
19863
76049
129865
165575
159738
26811
20309
17931
16815
16827
78028
71795
19589
221169
199774
87055
121298
203190
29125
20753
19873
33737
50411
15323
32672
27975
27513
53051
69167
108931
107770
111366
106520
100753
88951
92059
90450
102429
95486
96540
113637
91270
105318
91007
90808
102649
93012
89574
91800
88624
96504
96949
107386
120040
89856
115080
88780
88860
87813
90127
96279
108152
92545
107337
124997
112890
109882
94894
90465
95650
90241
87916
104719
88629
95512
90457
215318
184030
30896
15191
15222
13886
13624
13177
13298
13314
13006
15034
3340
14932
14668
14671
27608
32290
36971
21097
19499
19789
20686
19952
21216
23410
19708
24963
28959
32693
31013
20683
20066
34229
23759
30558
36039
26168
31471
21986
21781
20118
26510
29223
23456
18795
21265
73985
123164
117299
196535
22303
26051
19772
18413
17747
26442
17881
16813
18004
18669
18176
17596
17268
16788
16980
17085
17402
27476
17845
16799
17234
30267
23922
19400
18454
27834
19132
17926
21076
28520
19070
2482
2018
1990
2009
1833
3881
2288
2485
2947
2011
129494
3156
111920
105597
2489
2845
127528
104882
3546
2949
2326
182107
167223
35133
19768
9911
23908
27760
14156
13781
12818
12166
26135
2356
2604
25076
2357
19074
18838
2353
28838
20682
18742
16780
2589
2368
27996
19294
18821
17843
18419
17243
30762
23429
20233
68804
102437
103529
101917
102175
104494
99006
115354
102086
2681
109626
118819
110880
3676
3412
119190
102717
119909
105101
103203
105876
2848
120846
115101
148613
110841
119935
113176
105136
101545
105589
108202
3136
3359
458202
387763
462390
575298
745318
664091
120522
115819
94421
88860
89075
105849
118541
89253
111568
104973
110689
287592
274337
103881
103164
128668
104444
96061
101204
88353
93678
87858
93965
97189
95711
87022
96131
90741
95726
92214
100931
96620
82392
89931
97332
86131
84696
97499
105742
99333
112175
86252
100752
88319
87207
99089
2866
117297
101324
123633
85945
119737
111591
97886
100260
99293
103120
113450
92501
89320
89829
109031
105027
99018
114132
113427
103656
139536
93169
93792
110501
2522
101484
99700
98262
89646
112243
3136
141428
130137
103176
117229
103894
157971
147324
102821
93861
110526
107025
86363
107138
91897
95793
91849
107321
85168
94696
92560
3067
94455
121507
122763
162957
22217
15627
9974
23908
15520
20289
13750
13798
12371
21766
13941
3138
121719
124110
142298
114335
101419
105148
91525
96814
117610
89908
87826
115151
88063
118072
111335
363309
227878
304009
100435
96192
103005
87970
89268
83955
95777
92136
85275
94072
91680
109909
85811
98693
104551
94460
137728
92045
101416
115322
105274
91642
91566
100762
92308
88466
99677
96682
93128
92109
88832
97935
99541
102745
94896
2571
98788
92904
107583
86428
91273
90574
103578
98584
113180
95492
3090
109753
124333
19410
20945
13658
12601
22600
20414
8569
24142
10244
7983
22640
100804
133731
108083
93403
152020
125217
106809
101147
110108
112436
108738
88236
94851
90266
102247
113568
114650
109959
132618
124662
110803
114917
109123
114364
97341
101699
90059
87475
84917
111783
3290
90940
115458
88714
96203
93741
123460
100525
92964
128018
126217
3498
96948
93659
100221
102763
98448
96825
87348
92392
220061
197195
106675
104903
86060
83406
92491
99106
94190
111265
110026
90706
88267
99886
112355
104541
82430
101367
113733
105892
100466
91054
88084
102480
101113
124812
111628
100189
98439
111562
115209
90017
105241
109846
100026
89367
87906
104530
88930
99986
114628
109472
119927
113626
92735
95180
87444
89166
108061
108401
86254
96257
88739
95430
85698
88020
90667
94879
91455
98300
111045
95477
102732
87629
112702
89130
91796
111737
98827
122950
98900
104722
100241
86398
103450
106781
110405
94347
88149
86647
88843
88835
100138
91198
85507
88248
97125
87828
86663
105814
88388
89160
95059
97240
112391
95643
90795
97354
97279
104695
97380
90577
110997
99680
112509
109912
89870
98965
89024
90845
96106
118931
119777
103738
124204
2965
114391
97740
164342
105630
92995
104492
224144
184448
26348
11012
15053
20020
14134
13064
12244
19072
12228
12169
14356
100715
79897
90105
104159
104524
95035
105208
88801
87290
85293
88862
90706
88446
84873
107418
125338
102968
88561
109565
93004
108937
88566
88813
87570
2894
92582
105000
101889
85931
113449
88558
111802
109580
99551
99130
96336
111076
106868
85449
89688
93128
104596
94381
99736
87281
95517
89143
87787
88982
90068
102385
86542
87977
110896
92650
88946
155349
16513
10464
15443
14350
12939
19890
20527
19215
19150
19641
2879
20398
20313
19916
19819
19296
19002
19273
19959
18810
19571
19596
17055
26767
16856
24374
68603
87469
134146
87233
105646
118982
100240
95435
99763
90087
93416
227316
214943
95145
101877
100457
97415
120683
88529
122439
110892
88843
102361
85476
116283
97831
106918
95892
118142
98300
96036
89691
134896
21038
13554
20269
13000
12283
12447
11888
11435
25383
28124
34154
21061
20740
26903
18025
16981
27413
16326
20858
27517
16002
2979
27831
24572
21430
23247
16570
21954
24228
14491
72981
108608
99027
113867
121119
90890
90243
98775
117514
88228
100302
102904
105669
137507
100650
119697
103146
89651
110516
3117
93991
89305
93414
110256
107775
122669
97813
107544
105346
105720
100482
84065
94686
108922
98138
110257
88502
106180
112753
102907
91559
93520
96936
98007
116910
87200
96202
103477
113654
92857
100608
102974
89172
100565
138215
14451
27596
10337
10341
15446
8751
23425
22338
15588
13077
39816
44167
35229
18438
36118
32459
27519
19978
24002
16696
20949
24598
18351
80609
68008
94212
89906
83149
87776
89308
96644
83445
86793
114276
97968
91845
106405
97912
95922
165912
140559
18019
15867
18152
18412
17233
31412
16151
25668
31680
101895
108832
86319
96301
105328
96899
88755
96925
100412
93327
88151
88417
89188
86245
87880
95359
94730
89743
87333
98048
81940
97570
102117
95657
86218
107465
102403
94696
92594
90554
89370
87926
94394
87839
86271
92574
91587
96206
105378
133040
94405
100817
91661
115759
132719
92236
97396
97091
93446
229034
234116
151956
12570
19628
12175
12055
11756
12617
13130
14200
9619
12280
14924
12323
12672
14565
16786
36909
25381
26293
15535
30493
28719
18488
18872
25620
19258
19855
14267
19727
25532
19051
16857
16222
18414
18194
17441
19825
15757
18233
14014
17435
16337
19360
14666
38988
14066
16964
16299
17333
27111
17687
13631
25570
17788
14248
18128
38266
48639
92432
103444
102583
84640
112628
119996
98622
99069
237530
165272
90759
105283
87542
99595
95922
102427
89467
102156
112580
87080
91386
108712
103080
90550
198781
278241
192233
27994
36201
10938
17823
30512
10417
22067
14559
19605
27597
23091
23255
35469
21379
30823
39809
29717
36158
30052
27109
23289
22545
28292
20371
20669
22334
16722
136280
207052
224411
130294
131636
228514
270678
175409
128021
101283
100148
98498
109223
120482
18700
18132
18918
19507
30805
29457
30032
19743
21954
19150
32268
16838
14687
27522
112642
111037
105517
103582
92412
113788
104863
89929
181740
148126
16892
18062
22640
15301
3543
49892
20930
44534
18570
20010
16091
13889
25669
34412
17463
28105
64292
74937
70299
73839
109702
106486
126728
89873
100352
99468
97491
93914
99257
100643
98631
98579
85859
85303
89150
98235
88884
96955
93407
89508
87069
90466
104906
90824
87371
88844
89985
109899
151624
112858
123000
87971
90355
108610
110302
93842
91964
104965
89442
95533
99068
96199
95499
119307
12613
12333
10332
11431
11727
13488
12170
22473
17565
12983
12690
13526
13373
29639
22621
23725
15066
18566
34313
15991
19069
22040
18672
18376
15165
30617
17932
18797
29352
69182
14722
19226
19076
26786
18398
26359
15458
18300
26077
27517
15072
17318
16818
17762
16502
27666
19956
64761
70671
151941
91172
100145
92680
129997
88702
109512
99492
91232
289704
276948
405993
460757
114643
97853
98738
96041
100831
92969
88811
94111
89627
103002
86561
109211
132171
97017
94479
105476
106353
103612
98754
92198
87455
86602
101769
88590
115774
100780
104001
88644
103615
2751
102852
124104
98781
93362
89471
87956
113437
89685
101308
99717
108949
104081
103468
98541
106436
96182
95274
86525
114326
103819
99674
110725
226574
20656
12980
12799
26200
19907
13215
11997
11484
11995
11737
11127
11047
11821
11851
11183
34898
15533
35724
34862
18215
17053
17160
18509
18879
17767
29655
29400
25676
21516
15319
21136
33667
53365
66998
101752
115260
134502
117923
104812
111656
107133
97434
104004
91272
98087
86962
89513
98350
91560
91834
97293
87219
90795
89972
91116
86803
100350
94158
85855
102278
87720
93515
89351
91118
102865
87666
90147
90227
89012
98686
88248
88152
101188
88849
86831
94030
115348
96327
104015
100350
91678
88684
89447
86487
104018
88505
117587
108313
97272
91527
97859
89211
115584
94556
113680
117083
96253
88607
88994
90866
88519
96027
90872
90168
86998
102532
111427
87567
101264
87244
89948
87038
91369
90863
114844
110029
129324
88880
105748
113052
97451
94245
119074
129780
99762
114296
108059
103142
100595
86880
100908
110517
96857
3358
95454
91844
90939
89678
91115
99180
86730
93524
91514
96748
105220
133139
86429
101250
99925
98085
83682
91687
90210
122975
108522
122946
114023
97368
94897
240125
291515
186454
15500
13665
12956
19218
14221
15967
8999
12081
12662
14476
13589
13009
12899
11674
12806
23322
21877
32180
24778
16960
31519
36912
31887
18829
17306
16409
17923
16904
108493
131350
106391
89488
111940
114132
118795
132068
105913
269079
160653
99883
103413
89343
97241
89619
89199
88037
88229
90067
97267
99589
110064
88057
103330
97733
90370
114555
101056
116198
93395
106642
84457
103447
101633
119415
141716
133665
90027
94884
159735
115998
115012
105158
105774
115118
114259
113561
185481
167097
16495
33046
18005
14840
13903
12744
13174
12974
13181
26614
14867
13019
14452
33368
28216
25883
19613
21430
30578
18148
22120
20840
20054
21076
20549
18804
26617
30213
21736
15778
20942
18850
17860
18479
17064
153127
86241
105220
95456
114609
109056
101177
90343
86998
88560
90025
96941
88679
91161
98560
89832
90129
87274
88212
102596
94026
102046
87589
92524
90426
89662
98113
91346
102922
233961
247324
110944
112825
94254
89136
92295
87898
87495
109695
102103
113586
20216
13477
13908
13699
12629
11726
13150
14200
14822
12646
12444
22747
14083
13050
13060
24817
22546
16245
16585
16470
27962
16395
15359
23830
26954
18714
19086
23989
18113
18318
17107
22152
38530
19382
19221
25971
21593
25695
24908
16431
33228
18227
17428
17972
17766
16684
21064
21351
22807
15611
262861
196435
226906
82652
97569
69079
99378
88457
106993
120261
106961
273984
267417
414344
3610
124019
107955
113206
103177
116149
85450
88356
114975
94441
91685
113398
107874
101685
90187
89496
96501
97505
98247
92330
92106
99162
89638
90113
87232
87155
109857
90019
92757
110130
89897
111245
93136
88989
94353
98303
88025
127214
96565
122462
106547
123424
103908
128035
92807
98424
102732
83329
90356
112367
143598
100304
95360
175637
176480
260459
104468
93481
99841
95383
101973
104108
102556
99630
100106
106836
105752
109463
103809
89263
108509
86865
183122
179996
100413
92826
100851
95509
90563
101954
110787
92413
112116
88681
102114
90601
90630
97077
88440
103878
3259
98527
88647
87982
83420
94967
87083
94927
96377
87132
87332
97696
84088
95464
86776
99111
82212
88251
97261
98799
92279
100537
91406
94718
95302
106902
103888
115201
122591
116014
98649
94140
112443
102398
91068
100904
99997
102054
87534
94507
97842
90208
108113
96216
104737
119370
85209
97099
107382
94495
99108
101282
101117
108006
111428
97587
121533
105429
109724
128308
86985
110233
108148
102915
209059
162637
100538
104411
93419
88051
88692
91456
93872
103439
89661
86736
92515
89092
110658
112131
90228
116164
98582
107191
120653
93876
89868
86911
91324
99460
108111
86527
91716
133869
106572
109064
121142
115942
104137
93755
102239
91224
120681
96400
100521
90287
106712
99238
87110
97139
89814
96727
105430
123634
107891
96530
110104
110000
105183
100320
115445
101256
111555
107317
101798
107851
103609
111308
105193
101789
87905
88948
90419
102522
90192
116938
114536
117681
127271
106290
117830
97801
126192
98827
111424
109152
92568
95579
98238
108710
105902
121181
102220
109580
98742
116929
92962
98747
89747
102555
122409
114138
99500
107886
94556
107145
115849
123560
90231
105399
100248
94100
90900
110377
95914
88737
83491
88555
95763
124341
98358
95117
103193
109840
88390
86243
86887
96007
87915
103864
86346
101106
112968
93024
97964
119732
87756
91428
112038
90230
92400
118582
11721
19411
15543
12960
22820
14769
9146
14041
17091
13229
13765
20271
14048
86185
108917
114022
102172
107096
134967
97922
124746
121508
109441
114326
89696
109218
119495
108485
87927
146889
161151
146066
114643
114355
170658
154729
155003
85864
88597
91171
87367
84717
90774
100606
100118
106046
119390
112141
110565
111461
90270
85625
98687
88985
98502
92224
89253
95872
94750
89216
100883
88180
95587
92699
87322
122219
86562
107158
99132
102214
97843
85547
2847
90619
97988
108255
105028
99853
94398
89326
103203
98341
88179
105988
98330
98901
111289
98800
117779
110252
119109
118195
87417
130081
12519
12764
11826
14346
21252
34652
21013
10929
10726
19942
12382
123381
118664
90925
90588
101051
88165
88694
86838
99820
93917
89092
90179
90303
92038
105562
91910
124602
97751
90697
88141
99838
89692
109229
109030
85504
89387
88632
88383
116031
88220
108206
94001
86158
86721
109207
106173
114817
102732
112953
116833
106189
95726
115456
104293
114072
108169
89778
118845
103192
108879
112215
161354
12487
12125
16468
12148
13443
30761
14443
35047
18484
17617
13608
142887
117625
109010
145098
143027
127165
142700
130080
137791
124717
108508
108795
113429
114066
109045
115901
100684
99966
108027
105016
172319
149265
13804
13539
12846
14432
14727
27710
16237
25097
40864
18016
25086
19216
146600
127608
110829
115959
122648
113914
122793
110130
158130
116796
123084
107978
115854
119522
114637
116741
177235
250404
209048
316946
120553
112391
113681
123772
116382
111874
104640
113495
99607
396415
280580
353165
242916
198817
279994
17291
21454
14431
11990
22649
17274
16669
35572
14409
51964
29943
19429
64279
112934
101652
85871
116126
98597
114638
100283
104378
110519
101612
88649
166235
130515
100524
121402
173819
183614
108528
109060
112080
111594
112181
108023
105087
98840
102287
98185
107420
118133
95602
102431
127994
100058
124695
100782
110033
115778
126726
137382
15095
29248
15757
14071
14828
14276
32072
13650
12799
41410
27962
19842
23636
28231
30715
23685
34674
35702
27737
22838
53735
19044
25783
20204
26982
20117
21818
19907
110131
128382
124252
114348
117622
114791
109850
102514
117673
100473
99909
127485
124288
171793
21097
20205
18304
21367
20368
22991
21883
20272
46966
19386
30245
24213
17784
19816
23085
20253
29645
28016
19452
19020
67955
82667
126594
74583
69618
73622
69333
82676
72760
111430
123030
175315
24214
26520
21363
34885
29286
37147
35869
35939
35852
26032
32168
22395
20830
21852
48591
32782
27074
20813
252131
204771
20958
21224
20585
20800
20627
30691
30578
20303
20895
21526
20809
19100
19847
32909
124765
116074
105320
104099
106119
103375
169126
100761
108029
111899
100796
131295
137385
100793
104886
103815
104141
117760
106687
100158
117098
109496
105546
103247
109272
100555
120356
131439
105134
105722
114262
115790
112435
119698
104078
116560
101410
121202
194743
169247
15513
15949
14332
14850
15243
17415
14878
17854
14838
16074
14668
15199
14908
43888
27130
30570
19124
22902
18314
23005
34720
36451
33546
39602
24021
53090
29733
33456
21283
35369
17507
87891
94002
242706
264983
344116
211026
185219
22183
23041
25280
18829
31688
20635
27517
124408
314359
301755
382016
462765
524415
621257
163076
109615
21727
19186
29963
27493
96158
120452
101423
110378
127581
99084
102825
158260
25598
17541
26833
19403
21430
23298
15246
27834
32924
19077
74634
120133
93047
115543
15811
119055
96780
245346
206852
323642
122879
282895
23941
20168
17917
18475
16293
17294
20363
19442
18371
19335
33409
27946
29117
18361
17265
18336
19519
16487
16292
73113
65606
161551
156974
110596
99742
108738
90118
110365
87957
95212
134602
39143
14869
26230
19237
14671
17182
17365
13707
17182
17621
16880
18255
25720
17056
16906
13952
17798
16547
18389
17511
17299
20975
18123
55241
35711
37575
88284
71140
94878
98287
90381
87930
87732
88260
94137
82533
88317
90182
99561
85873
100951
122686
85807
89928
91304
88697
105196
107026
94376
106822
93315
118079
199473
207077
25692
20861
32877
36573
18353
9330
25367
42523
33262
29430
15603
18214
16594
26331
16879
22116
46991
24594
17523
45516
45170
17772
21633
21842
21419
16633
21260
42609
29836
51252
22344
24918
20161
19413
20313
124724
142321
21571
26465
20938
35868
20710
16225
33081
26676
29180
19424
22962
89822
262013
248237
396053
506356
267468
100881
125752
102423
124311
109529
89796
89562
116902
99759
114194
101701
126683
123214
100983
117269
88003
94099
90518
114045
88269
89833
102369
86908
87318
107692
90094
113418
89360
110670
88667
103999
94387
96644
112143
139432
120419
12969
16982
14561
12930
15711
13210
21423
21160
15030
18686
27055
14393
19891
20704
26828
21042
32753
47067
15231
21383
29515
27593
34043
21810
26908
78420
68186
56627
80567
128991
134558
276011
276958
396902
428476
97177
155190
21150
17546
18406
16733
18554
50769
50342
85915
107318
117023
104806
121567
104746
97993
96805
99985
89228
84128
88639
93500
96451
112252
89008
96631
88567
99793
97764
116840
89296
88343
90371
95120
103936
88188
86961
90195
92646
86636
89550
90672
97507
86334
89082
102408
92067
92434
88615
90815
95784
91758
99840
89154
88089
90575
85774
88898
103813
89064
202026
18741
16323
21461
19353
12129
8903
35451
19478
14203
21907
20535
14047
26809
24272
21082
16195
27188
30283
15720
20022
21571
20904
16599
38473
16550
15149
19400
23222
19366
22590
15758
18681
20581
15712
29245
19593
18357
24064
22246
20004
23502
61266
74427
96792
60527
70712
68586
90646
86889
88818
87119
89146
92796
85398
93650
89179
90372
86638
90496
103232
100816
86549
91757
97926
97552
86514
91535
90939
98328
84064
89788
98200
89157
100832
86805
98200
96181
82964
101688
84456
92334
87508
103553
107475
92524
108544
88107
103788
88817
104200
98938
89904
91857
104338
102674
93244
107757
88817
114481
108536
89806
88392
88965
89932
94443
100461
85500
97428
120904
89148
139265
23239
15019
11669
15078
21443
11156
20510
13980
13273
12123
12788
22133
14039
24572
18928
26256
17439
17477
29729
17425
29054
18010
28067
17551
24890
17046
25193
13629
36256
20616
18350
14502
18400
17798
16329
15623
18575
16495
21228
26313
36266
34073
30064
25038
27032
17080
26336
21317
119739
114789
118480
108125
103271
109877
107278
90692
89402
90227
88015
88587
94290
93388
104358
83922
105443
127111
125353
110821
111581
96085
105959
226662
202195
12750
13425
22630
18742
13034
15590
9128
22018
20540
17384
14312
22408
25323
23663
23113
16832
17689
16471
16720
17396
13718
60254
16462
20127
19499
36403
18007
16213
16544
17316
16420
32588
29832
16580
21515
14545
37521
28619
16763
13980
33004
27144
21629
37488
18843
90671
109182
102783
114728
104180
100288
97072
96399
90184
88699
100987
113343
90094
100079
94731
102750
116090
111345
108445
96620
112438
92442
88492
115415
106254
92970
105768
106168
99341
96932
114666
115229
108686
113576
98175
98350
100425
112610
89985
93806
97307
107329
102352
85824
125495
36732
19910
21417
24230
20225
20468
15997
13332
16235
14957
9675
21041
30717
20800
19515
19041
19542
29395
30268
22146
19585
18927
35055
40329
20495
20815
19636
18987
18154
20364
38179
20600
22184
28539
22022
19631
19440
20759
31693
70134
121341
20185
35114
39970
28062
22656
22256
20134
18846
24424
51793
50200
107713
89013
98060
122406
123945
177529
157270
28960
25525
17492
17497
17317
17229
17886
16838
16222
22449
15127
27203
19337
18277
16874
29860
27502
51828
109408
101106
89501
112564
106351
98357
115942
89579
93967
100925
99767
100575
94349
88853
88131
87919
96172
146120
124867
16772
17569
17129
16832
18198
16553
16023
16006
16526
19375
32963
16262
26917
24754
31205
14974
17040
18186
18401
18495
17380
23967
19014
22438
28296
32766
21896
20834
57159
22694
25654
22214
19051
52660
70615
89962
88601
70598
68363
88684
96572
114744
93524
110300
109769
96642
99140
154357
125199
11265
11958
18377
17085
17879
14097
18754
18486
17764
17173
21068
47541
65642
15672
33074
15456
26787
18467
18405
13765
21261
16990
13158
108106
95996
90118
118191
105984
175578
174897
265232
89201
102892
99286
92026
97049
85755
97464
107242
93698
104861
182171
162970
258774
99187
97912
90886
90556
88963
85877
88902
99532
116458
141230
87696
98128
100424
246536
228109
308334
110601
113216
100412
89709
93339
96319
84554
89650
93085
84693
96638
116155
98483
98170
113425
112152
90455
97821
100540
94719
83823
85974
95293
100142
111330
98098
95075
116139
101508
104561
103432
106019
97010
110666
95244
96514
102723
103897
97253
114599
100728
124418
92110
99488
106966
101203
105946
89956
100431
104987
84386
91234
98408
105279
95193
89642
102972
99487
86485
92283
88448
91263
88147
87674
87057
102000
96501
86979
89077
101055
96200
96594
103927
123302
101150
105394
123689
99257
94738
88444
89452
98983
114054
120578
129000
94318
109890
104238
165904
113881
112892
103705
112018
105116
110407
179217
141312
126900
99331
110425
109599
140155
106288
103515
90199
107269
109804
110928
136129
118476
121344
129755
111499
111143
100766
87762
98266
104255
89073
97028
112741
90205
118623
103179
111764
103712
118868
99371
90163
96162
99398
99619
94216
90316
97903
100787
104912
99800
98814
95506
101462
96878
87962
93027
111292
97799
89060
99720
89430
100372
91530
90114
99888
100760
103610
93254
100063
100193
105740
98337
126745
88145
101587
105411
118362
90624
110684
89610
93455
99369
87885
88488
87795
85807
87280
101122
88630
87792
88239
88102
88085
126919
112232
102337
99699
91402
88330
94533
95299
92283
96098
95730
97247
84849
89978
90633
87142
92167
102244
85441
89224
120185
91468
103865
117447
89111
91094
105104
101131
97734
91837
89926
96919
92535
85726
120707
92425
108363
112461
110676
104410
95244
118595
109152
89490
99472
115008
117339
113451
104936
124704
118555
106256
111689
130379
93573
108572
121272
102016
99774
95838
93078
98293
120743
95277
105843
104626
93639
104274
109602
95506
85674
102355
110592
87145
102468
133114
12936
10699
20420
30162
12822
12219
12829
12897
12938
15450
22882
15266
15470
14524
8708
121284
95118
114352
100355
94551
95373
99135
95231
116959
99445
105758
126073
105063
111595
95300
115267
108017
113799
96972
109899
100471
87609
88256
87397
104014
115929
104874
95593
133518
99073
108827
100349
95592
97643
109327
95099
104536
95004
101721
93732
112100
89376
86692
95515
84850
91905
87425
91617
87045
95068
108849
170286
187571
89220
107517
273427
245060
118627
102626
116733
98778
97441
105585
92336
87567
106272
100857
102800
96789
114329
86000
99092
97274
86951
87685
97071
86775
86340
90082
104904
90573
119351
92413
112692
99254
111502
110461
114833
103349
106037
89191
100363
125433
111075
112503
121201
95720
125557
119264
100268
101916
115644
90779
89741
93816
89516
112007
87188
123518
104650
99684
103676
120871
275297
215893
288030
391661
95729
91380
114340
28969
13700
8290
14814
32544
19237
13856
20946
13810
19172
97832
95267
88207
110524
97608
104969
114726
125600
103057
98979
83531
103613
3383
1641
102510
2498
2627
1697
130125
2147
4660
1584
2301
1753
2052
2216
1912
125683
16589
100294
111645
2027
114784
3135
1952
112593
2573
1952
99330
140032
103126
112057
91812
95905
2622
103727
92957
95520
1925
2252
109596
98977
15358
100636
102979
98644
107964
2517
119858
115704
98394
100932
94775
88735
2284
108567
84770
2975
94117
122396
90326
100728
99406
98685
2801
106744
100606
99632
96512
88474
92519
102511
110912
99215
118244
103586
108786
89515
105524
110251
86378
93512
102408
3004
109387
89305
89589
87733
108578
91513
118642
101519
110409
97746
97780
86806
99588
92796
108204
95595
89135
3077
115950
87704
2747
91348
92610
86247
99744
89701
116689
105702
22685
112642
160372
166859
100857
2815
105623
87120
103622
101385
96600
91236
88479
2923
118761
111250
101507
113518
97478
100840
87961
92070
103398
87030
86123
103294
107319
2531
124363
116213
87463
100756
102032
91292
99242
114610
91156
120005
106518
130513
101143
114884
113087
123002
126716
101855
95593
106364
108923
85349
91005
92025
104415
100007
110588
107512
84482
109437
94608
109007
100201
88403
108190
99034
105148
109105
91053
98255
87467
2757
89844
104373
176994
94563
87235
108980
94540
127907
101845
100382
96264
99241
95768
92807
99950
92481
86398
95511
91990
95065
88809
88326
89844
93164
91589
86404
90946
86764
84532
87400
86663
85388
88563
85257
108035
92833
100300
108314
92980
108313
86786
107451
86291
123471
14796
19401
21626
13160
12046
11367
11350
11338
11161
11450
13171
12292
13509
83747
111287
94722
97473
107207
107211
92575
104203
125947
87635
106059
88518
94260
89355
98862
118471
102977
124768
217099
182096
112259
98457
99762
87705
88436
89028
111992
103138
101147
95496
97242
3056
98069
119708
96969
92895
97161
88335
88022
87833
86276
116824
92838
98233
102265
101229
87973
97662
99183
120344
101111
103381
97094
101999
103788
95584
106613
100700
87287
91753
95712
100838
103977
86045
102786
87699
86692
85778
90108
95444
86578
107992
100624
100637
109652
86333
94491
100316
87367
101253
94538
100047
85342
104489
99331
96241
105723
86437
105825
119691
93004
117986
90903
112214
103930
95701
110232
88777
217780
210974
294909
358429
12463
14257
19397
15667
21184
20537
22046
20535
9108
118063
108505
104297
106760
111944
97754
94887
120775
91993
127735
100668
91730
105991
3338
93095
107666
119063
111608
124833
94475
110171
100360
93052
99662
94334
97503
101256
93703
107093
87812
91671
94550
98909
97857
89106
86704
110799
86812
86450
94748
100475
102211
85979
87152
87656
97299
3029
110745
114466
113338
95570
114952
109145
113885
84711
92255
96150
93425
87635
119852
86464
101720
106117
86990
113096
92925
92467
91888
114944
115277
106711
121891
3268
89779
88233
87707
90194
98784
94791
115244
110020
88435
109475
107286
141079
99112
96605
109177
89350
89426
88639
93088
88494
87421
87899
93090
94346
112716
99580
94292
3096
113342
93610
108649
103146
108161
94890
88070
97411
88485
95791
106138
102286
85358
111302
135658
100663
88593
95215
95018
94343
102712
95289
96685
89388
99476
94611
87928
138136
118286
101155
127511
110808
97369
87187
93599
95156
89539
88460
104987
284101
297880
399645
446763
95517
2674
2479
107629
109832
89703
87262
91488
3140
132783
117388
110808
86032
95430
85802
100596
88327
87125
101861
102330
109604
87494
102345
118769
99074
95566
97343
87865
86163
86080
93977
91729
84183
86602
86634
95460
84970
93423
93619
85264
91412
95594
86171
84485
86796
86902
92803
91057
92329
86751
87372
91449
85252
89105
87289
113004
101021
118942
136027
112090
124456
102074
92389
98982
92417
96881
93126
90354
98838
104802
111201
86079
104808
92229
114458
111606
120242
86717
108173
99745
96878
100190
111447
104578
86339
103449
92534
99272
101252
88577
93535
88515
111474
114420
96227
94949
109986
101409
89783
117406
103969
109823
87988
89235
88697
86945
87904
87342
86805
89300
93854
87985
85868
84717
107187
111389
113200
108174
86458
108489
97140
111461
107029
119822
98792
102621
86532
87978
118583
100416
109076
126964
111153
121958
87276
109181
117731
97035
110453
100397
83816
88886
95324
103469
97931
96091
98778
165352
26736
10193
16347
8477
23516
9257
20464
16265
13560
19660
19996
149422
2851
260795
229651
318172
110546
105267
104317
102768
105003
86536
114641
112869
99818
104280
99806
102579
92029
88806
94543
97790
101838
89205
110330
95369
106438
101072
95737
117859
107387
116926
103124
87647
98498
93256
102645
105446
95910
96757
85120
97295
101696
86069
88438
86128
93963
91574
95467
85475
94613
95474
96415
92316
86814
91350
93250
90157
94619
92164
86828
101190
90735
95800
97604
92373
109934
92467
87737
84122
88137
86422
93438
93253
87213
108096
94158
119409
89662
102346
87625
85920
86280
100306
111070
98794
91048
100213
106636
104726
93001
98103
100953
96692
109548
102414
103403
120532
89112
104664
97355
110623
111097
88272
104057
101444
103387
99701
84363
86851
100477
87731
88259
91189
85301
86209
84450
100335
90975
106621
109649
95472
106069
93870
98177
87861
109680
87289
93448
99204
101592
104154
109417
102694
107475
107134
93959
91907
98451
93952
89383
94188
91207
98788
96526
127211
111835
84284
112404
101384
107717
95237
98659
90399
93568
90423
87754
115225
87734
102542
95882
104418
99998
89577
113752
88390
92748
92625
115648
107804
112376
111386
93521
102922
96755
99053
106695
85429
98279
83428
87964
92340
93066
102236
86633
97182
110403
97724
99915
110367
99456
105025
99892
130473
144153
86624
89468
98602
86656
89820
88070
105408
84556
84627
119828
95908
111233
87448
92250
92311
92400
103199
104526
101970
103375
111122
96620
107253
91368
99871
94163
116452
88554
92921
100466
135087
32443
21466
15112
13703
9161
15844
22041
14040
12832
12885
18768
90131
109491
100884
109010
95700
99660
98531
93812
86206
100104
100759
95476
97259
94730
86125
139521
96542
84547
92756
113809
103676
96376
100735
98131
102746
84056
85846
102082
97692
99080
87958
141260
14270
12831
37849
31568
15508
16820
119540
108679
110705
112871
97938
101015
90571
101693
89927
92116
147503
192493
122009
120324
98121
102598
115275
88490
85819
88016
88123
97038
85256
93240
188063
139902
108795
98718
108174
88966
91979
88521
112868
3195
94695
86232
89416
118327
88026
107057
181950
27849
15436
13424
26621
17907
17706
15009
17806
17975
19588
63534
96761
83637
96803
93281
113257
89765
124238
36047
26836
27471
17963
14905
30341
19268
25037
18551
61761
77010
84143
106133
48649
67223
68303
68609
96922
85552
87369
86013
99749
85955
89256
93827
102407
99680
119903
121851
111847
107916
93441
89166
86869
92282
101466
88037
86096
87078
86350
98845
95966
82586
88531
86379
100221
95098
80956
94138
96562
96929
129385
126166
98833
100906
104073
115330
102856
94806
95661
109490
99399
95755
79632
86871
89946
110182
85973
100119
91967
88880
96027
103590
91028
103229
108826
111527
119362
96972
95143
115288
96193
113717
89285
108526
88803
139583
14504
14594
36344
10675
14442
21759
15899
12446
11609
11944
12598
12341
12634
12868
30270
49797
15303
15761
22523
19296
27211
17583
24277
35342
19282
24320
25864
29066
16600
16390
16327
17209
16471
16120
16473
18295
18607
16869
16574
16232
25264
31357
18512
103621
100498
117186
116763
101192
107800
101326
101313
87090
86006
96917
90508
90606
104386
105754
97700
90500
87725
91300
91106
88154
98983
144940
108761
98478
92613
115552
88633
110124
98039
93243
89803
100686
104835
88225
117905
112769
88440
111042
87805
100735
85415
90050
89105
88428
86869
99401
88731
91412
89296
89668
161426
127138
21222
15548
12221
11535
8166
13447
8924
14637
13497
20980
13824
21902
12293
11924
11660
11635
31284
14422
25230
23353
18004
16801
25068
19461
30008
25328
18634
15008
16564
20785
14484
17362
25429
22235
18067
25620
20423
14775
17088
16803
16606
17429
25849
19300
18911
51441
111373
98592
97885
102011
90744
88931
92971
91293
87291
91643
89249
95431
82542
89644
105398
106736
98999
87753
113765
119275
102702
113063
108596
95814
101015
87625
98547
91023
87414
87350
90488
98191
94850
107184
105581
104639
106253
116233
98891
88793
90960
87940
86160
92133
90863
88002
88770
88788
95904
94651
108145
89540
87743
88428
99725
95742
118629
97980
88425
86223
111401
97825
100068
99702
97014
97347
94491
90607
100596
114143
91147
89238
101139
93281
98043
88130
90048
91513
96719
91389
90279
89277
105701
100371
98157
93300
114273
110557
128362
21155
16289
14776
8892
13436
12537
22260
9465
19899
15657
18952
44741
28303
26140
18225
20344
40579
15191
24785
20090
25789
18041
16445
17330
16211
25112
19800
14288
17324
18624
17192
25937
17146
17487
16228
49464
69042
88764
88358
70304
87937
89393
81188
98495
96985
92711
80803
93286
89012
86904
91717
99901
81680
66905
68318
96339
86175
89810
88818
89476
89226
88986
102716
89160
89079
87689
87497
99388
85567
89539
91147
91438
111143
88654
117723
110628
109246
103439
102578
89765
126754
91230
95983
103574
116396
103529
89380
102322
96772
93167
88246
88909
89862
99980
90032
92469
96257
117501
115422
113214
156739
267339
211363
300850
100214
102709
98731
94880
87963
89911
99041
107684
100308
234563
109897
187475
170514
119636
99673
137293
114929
100982
110458
144911
102520
120187
127660
122822
123738
143779
101695
117194
99266
144862
27602
15672
16238
29185
32162
15948
14217
29603
12123
23626
39340
37848
30599
30144
30085
20081
28479
20285
18213
18121
16429
17822
46638
25326
25516
26728
20215
118187
109161
92597
99481
102066
101113
95991
88872
119241
309452
249289
319920
98421
110041
103444
121117
96678
100920
91722
106975
114319
99937
83885
89548
85318
87178
111946
88426
89244
88608
107301
88944
99609
146673
100618
98390
99188
101780
129221
119291
12101
20227
12386
13294
14679
9433
8339
17063
13698
20094
10717
38821
24960
18163
25250
18590
31818
30267
17231
24644
20268
45428
17131
26655
15155
32754
16438
18236
16572
26759
20192
18378
17416
17813
68692
40540
15892
25559
70896
103169
111992
103403
101753
3056
102656
93666
89047
92063
97195
87566
154771
124446
25728
21217
18991
18506
17219
17640
28467
16194
19691
18526
26457
17670
18923
18252
27864
21172
25953
21846
28020
19110
23790
24153
72783
242016
230259
248400
337282
116738
112865
102900
119875
99738
100032
113578
217106
201593
290152
180569
185608
110726
97716
103934
97220
88755
101582
100848
121728
106742
100457
91795
112948
96934
89935
105441
126277
90604
92844
86729
104092
102000
102819
89896
110678
121941
88249
104124
107508
132527
107173
98014
112322
89974
88127
95815
101224
99413
2740
91603
98005
89657
97711
108223
103332
142411
107769
108101
100861
91541
109651
100057
100316
102166
101780
86543
91002
88241
103748
107090
88280
154586
151474
12104
8432
12807
12309
12976
9972
13015
16260
13256
22899
18693
11084
18977
24964
23473
17972
17572
13842
20003
20436
22094
20987
27427
18479
19043
29816
17239
106316
141011
161263
147544
131090
122026
89159
95964
94533
112316
98894
95125
140494
20262
17974
19304
17112
31628
47287
18446
16667
17071
17808
17952
18410
15537
160568
114879
98880
97459
112274
100327
107760
116616
95422
110620
103410
92581
89123
90738
108132
104583
124269
17625
21361
14661
17113
25747
25108
24180
19042
17345
18758
29342
29413
14736
20285
15323
131863
106715
89345
98615
206052
208405
86678
111899
103250
89563
98153
89295
88513
89873
89927
96282
88140
95870
95880
98379
85921
93967
86741
95184
84548
88635
96201
94238
88091
95848
90087
99006
86331
88597
103550
89086
108715
113843
97107
111653
105063
90382
90080
88642
93020
101015
88707
86833
111808
104126
96012
104997
85699
106901
96401
90254
97984
102026
95042
87505
100066
86264
95200
113003
112261
87539
99794
87546
94476
89582
100063
101533
94857
90024
98069
88450
101899
109360
118392
96505
94947
111494
155654
122456
114526
137911
104616
106618
226952
206178
97457
93222
93879
95911
111143
113219
87426
88717
96824
84816
95045
97186
87450
111459
89636
88136
96047
85968
93184
87756
96156
84012
88056
100251
90085
84257
85961
111994
88633
205102
165239
243147
26583
13365
12187
13547
14724
11628
21697
15883
12855
9578
12536
13265
12985
27656
21503
26363
17332
17307
19152
16960
23483
30232
16894
19180
17245
19038
26147
85660
99350
97832
134325
85889
88881
98123
89508
89402
115403
107420
105484
88297
86922
89598
104209
88151
105605
102167
213319
210715
310319
116930
98078
111179
106750
94433
113164
109559
102839
93907
119156
89375
85181
100506
98533
104236
113201
162188
158344
93747
110477
86495
103659
88837
98922
114879
96873
83238
89185
89082
104113
123965
12740
21140
18982
13187
12580
11328
11238
12714
8296
12544
14366
11182
13243
22284
10232
29010
18592
13930
18072
20162
13963
32740
14591
24326
17923
18948
25149
19148
20585
17774
16420
15973
16383
17372
16113
16170
16404
16292
16349
16227
73376
50134
50161
75494
68008
127047
92974
117639
102917
106542
108937
106951
120117
153281
103827
105953
88971
88730
164280
166528
85507
112179
112997
104364
87998
97945
87413
89779
86764
126300
106257
100693
117388
88790
119007
91576
88918
119046
86256
91737
95115
97082
88355
93354
86439
84155
86845
83535
87431
104972
94743
84712
102092
79097
88207
86505
87297
96569
83124
87261
88878
88729
100884
97907
107358
127926
88692
117953
91350
91123
88219
96783
98268
98670
98384
97726
99952
88626
97906
114563
124290
88019
142262
110686
103988
108410
96129
110731
92725
102451
87853
95074
93434
89849
80978
112989
86581
102746
96431
85978
95513
84922
119752
98788
92195
106711
98883
94935
114613
102550
101704
282996
209931
106115
107226
94797
105489
108783
96390
101175
101092
87459
101001
98173
109517
112473
92546
90293
89522
96089
95749
89518
104516
92708
87109
86676
96542
88345
89259
86287
97279
96157
102644
88818
89917
83850
90727
86534
92712
86269
90247
95276
94593
91555
98861
87282
115325
85747
87626
86886
95525
94869
94349
91086
102959
86479
102430
85994
102496
94604
83403
100941
126178
86350
95285
107233
87344
98317
96128
92396
89877
87587
103015
85482
86878
95127
85935
100394
101619
91682
103065
89080
99093
118917
104620
90317
98834
106529
90434
109938
96659
101698
100218
87623
88884
90915
99346
90688
101672
95075
89864
91841
87437
87561
114129
101846
93184
112666
105906
92133
83182
86798
99481
85946
95847
94125
90145
100684
92569
95925
89359
88163
81379
95482
93109
97637
82645
87170
96253
97509
95434
101303
93316
87839
83140
88069
87854
91873
86699
103753
103092
88861
118443
99702
88523
102156
86757
95809
87769
110539
102355
103339
104643
93228
88240
91972
93692
110769
101253
116838
111720
108446
110963
101813
160855
163789
110072
88157
110796
88428
95175
90949
99405
102185
187894
138777
106676
130834
114919
100311
99267
101071
105141
104734
90821
87548
87404
116829
114099
106274
109566
93410
116022
111444
95756
93065
106403
105032
93866
86028
133427
107425
109125
105754
88597
89205
94897
92453
101932
90750
90330
86145
84748
92520
102128
90540
91536
91019
104316
98641
91693
96253
110458
85643
96316
91952
92862
81948
90049
90437
102083
87689
98000
94057
106014
96435
119480
88458
98893
90502
88331
95267
92158
88240
83269
87534
101062
107046
121908
106112
85143
102146
105753
92562
91902
84345
103027
93402
92979
87749
114062
97674
91071
101558
110560
113325
99638
113108
101851
107680
105695
86076
91688
102780
150584
133164
116271
84060
107431
86638
110709
85732
95628
87130
103089
101361
99981
160984
178960
100608
88149
89258
119470
122440
106321
110160
89450
91320
112276
103528
90667
101913
110117
116418
92709
127793
94437
107778
92802
92432
102768
89937
101963
87068
104262
125103
86804
89606
89985
122559
85833
100846
84685
114132
85387
101488
85606
126471
96197
91584
100364
276441
179806
189579
159089
259339
110552
107093
84197
116963
95140
112331
88790
100682
101103
86336
112562
115964
99065
101056
93978
103705
99265
2924
91674
107732
86296
122732
103515
88051
92124
91618
90701
86483
86786
114154
109149
96507
120976
100539
105662
118116
88455
129047
106359
103064
124202
98944
101834
106333
97083
107772
117315
87927
106433
119247
113311
116423
89540
123571
93921
107798
110649
85928
90297
97768
107317
110209
131675
97957
108590
114992
118739
112347
98487
113553
148723
12364
11609
12630
11619
11784
14979
21179
24122
12487
8687
12263
8338
12822
11670
12124
86026
81202
117817
107366
100209
94844
114307
93383
102172
100274
101603
110813
110399
101583
95672
92415
110557
94826
99641
88209
89296
94604
101375
104725
110067
210480
199811
92003
103022
100702
88948
97955
98148
99195
87942
89205
88023
114229
102949
121632
106241
97347
103474
87561
85612
88121
99125
89570
97731
92666
99501
124462
93271
102169
100854
97900
103524
95501
83805
86518
101761
110733
83878
85982
101532
107839
121292
107356
117414
94562
97286
88356
99859
96099
88268
87264
87383
87634
103574
107527
138180
98846
92093
101215
95595
96637
87712
97186
87990
94521
86436
86843
103619
88297
86733
87982
86873
102505
103055
118795
101095
104779
88290
126828
90832
105478
92223
91901
98089
88950
88146
105103
86696
107124
89940
99362
135231
100696
102107
99677
122621
109405
88617
104005
99865
100232
92690
109136
112539
116961
107100
88977
95987
95956
99430
96586
102979
99001
133289
112445
114065
106754
124552
95834
111129
88185
95079
88243
89270
88275
88641
93100
100492
124586
103148
91884
91871
88172
88698
100019
84079
105972
99125
109998
88961
87035
87029
86923
99769
87724
96676
97317
98300
99135
98343
92992
104076
109440
106647
88699
113206
98853
108955
133166
98497
109645
97927
101188
100589
97994
86955
88909
105862
87245
122038
88016
138260
259730
238755
366847
154087
104474
94033
89208
125331
112156
95369
97296
106484
94931
110034
88887
103482
87413
112163
108717
101244
93863
93766
99789
101165
87897
89112
89962
92656
97672
126171
88792
101903
96582
102390
100909
89498
91392
97192
96813
86481
101925
93158
93537
88597
114432
121711
98733
105451
89745
87846
120395
96687
91802
90131
115535
100858
109915
106964
99167
96984
98430
93257
99794
108234
93027
101284
107216
90416
106450
88588
92691
89433
88529
89366
89237
89513
92500
89412
94154
88310
88471
122144
119652
107066
102280
100063
118303
118197
134259
99802
102505
110832
112334
91656
105284
96403
106107
110505
99085
88137
114649
105326
89537
90307
98824
88580
91856
91045
128735
103644
135877
132576
109852
97776
102346
114703
98559
3295
96603
93126
91850
91173
96544
92315
90232
98126
89994
89764
88730
90413
103147
91266
94981
96254
141962
121888
12937
24924
14931
13509
13371
12707
14812
12527
11978
12527
12505
12852
13051
12494
12974
81251
82944
79412
89736
90610
97698
136321
128768
99572
155798
247060
223618
311683
395127
114905
90838
102781
99814
114259
96746
85717
129177
129822
107413
92176
127814
112864
105308
114289
119103
119161
117014
94804
118801
110362
115516
115679
237603
198387
20433
14727
13258
12582
16215
10152
8735
15301
31757
15998
13438
118664
129869
131254
108370
115686
99778
97765
105323
93715
99005
87662
90773
141574
96237
90617
87616
101737
109201
103931
92536
95772
112616
92187
96410
114635
104131
88258
89504
88258
88731
87341
113806
102412
109333
101714
103252
120135
97695
95853
93778
86208
91803
96619
88893
101103
103682
101777
87870
165763
136793
12712
12554
11330
13686
13440
12680
20179
11869
12156
15942
11144
8519
22561
19792
137905
98949
116339
104393
110239
98416
106518
13366
10384
12500
20991
145173
92345
106266
124495
111280
96939
132132
100649
106436
94708
106799
162473
183022
265367
102463
88430
88248
88712
85711
112725
106643
98509
108163
86979
117301
92128
88447
95462
95201
94415
92632
105006
113860
112688
108411
103432
106253
93378
106603
100605
107065
88400
107874
87912
110973
102296
103233
88807
111420
98652
100785
100997
106969
124609
104176
88128
87440
87829
116548
86244
111418
87725
106732
92480
111497
97220
86504
88730
101326
85588
97461
118342
91621
86124
97455
101861
92088
92977
97029
96090
93887
94297
91620
102746
98265
111694
113275
101354
83903
91132
90408
130700
12427
14605
29874
11811
12097
11860
12403
14503
10154
21317
8928
14825
15463
90348
104513
99018
118902
105463
89030
90976
93717
93177
95396
89104
99586
92966
101311
109848
95142
95348
122090
101891
93421
99012
88564
108081
113714
107543
93890
94442
95898
86246
100186
94723
105164
100430
90079
88831
99946
105995
106251
102395
90302
123792
112083
95701
101742
93132
89914
93466
88768
92109
110729
103480
116735
94718
99762
112434
91566
107447
88477
108641
101212
124512
88530
112770
88865
99909
106401
106490
124545
107741
97315
105005
88886
98891
89453
89172
99363
83237
87900
112860
87254
85896
119707
107032
89941
96059
109169
93089
93338
95751
90747
100686
101751
89770
90848
102400
108645
98680
101117
98393
95445
87484
89751
88788
100084
85831
86646
101666
90643
120554
108999
88482
107253
88442
99168
101232
103702
108100
93846
103506
106621
91602
89508
87400
94230
86556
87712
87412
94206
85762
86880
86990
123428
89014
89864
87031
91189
86412
88418
103796
95228
89015
89425
94318
90036
106275
89906
148213
108114
117813
136580
111836
131289
98919
102340
110709
106373
84765
88008
87762
83908
88693
86448
103560
88057
88534
125375
99925
124893
87944
90369
87483
87163
146597
129398
135047
160478
354852
339111
393423
150768
16309
33136
15953
16844
9927
81383
22470
21458
21549
13921
12887
100740
106254
95987
97276
87470
107457
117773
102978
93987
119376
2497529
1714744
1771367
2514831
2594164
2683008
2767451
101887
125194
110202
101549
91187
85967
77146
79075
109662
99655
98132
93804
89438
70894
84152
102823
74220
77849
77742
102426
80662
81890
90688
87221
70232
80163
81754
77740
88756
103113
98746
72245
100730
74648
100398
76785
69304
93555
69050
91254
87694
73567
76395
74935
88123
91945
88209
106949
92614
72239
109902
89123
95380
81334
88208
80232
98167
97784
85660
94976
126394
108301
92523
98386
78340
98707
92136
78216
100846
77545
83720
68964
99795
75182
99460
86724
73613
111144
79485
71741
78821
93275
84064
69439
85390
97132
92829
73440
72581
77525
81477
84943
106004
89637
103662
82640
70200
91937
81990
94670
82093
110305
83606
88960
79158
82815
88812
89682
80348
78373
78666
83970
69522
91460
85471
69000
84038
96455
82451
70583
74024
88226
87990
90637
96650
71276
131116
108449
81200
79524
89549
77367
87853
89616
75716
129068
84559
84456
83539
87296
94783
71301
90029
84867
69175
78430
74578
70946
82423
70486
76052
96639
85398
83382
100827
81056
99279
82494
84335
97721
94029
82903
104785
96169
81020
75493
101922
81678
69953
97055
87167
83612
75215
94122
91185
86319
72182
76552
104550
104703
85190
81736
88768
80231
69204
80819
78944
83416
69870
108716
82394
88195
93909
101990
84951
78957
74884
105025
97214
92105
82680
70916
69223
76424
97119
84391
81070
89388
69864
95189
73087
86283
82648
88567
94464
70459
86237
70434
68785
90806
85607
72003
79897
77156
3977
2142
2401
2779
2426
1403
1900
1570
1882
1446
2409
1765
116741
107786
104066
2176
1582
88847
2430
80786
174697
81209
77752
2869
2475
89236
112323
77472
82715
79079
74080
2964
114408
97830
2619
103824
88075
73370
104847
101873
70761
104945
78434
2806
92840
96271
92071
80354
69542
91528
101371
73670
83848
88111
96709
3294
95600
110149
72499
74876
87829
77962
74152
2839
2458
93313
84174
2967
107196
114450
4344
2481
117092
97487
74081
2048
88626
72485
84052
2450
104317
77501
79965
80287
3759
94924
82013
71049
81866
88801
85370
91003
3545
77862
85281
95577
109822
81245
79342
70590
2982
86460
81661
69729
82130
91756
80552
86750
81757
96830
78132
2593
111646
79896
82010
76211
69301
75611
106472
95775
3378
80026
90371
76823
83859
90606
77247
79912
69648
78385
69956
75433
107388
91976
83098
72349
87213
87400
74201
90876
84807
100959
112566
90618
93144
88337
82725
91057
95491
87735
80995
77755
100120
81259
75682
80061
72201
80091
78597
68820
79695
102035
70574
82181
70742
87123
81004
79746
80365
76443
90665
105261
102446
97971
90342
78924
84170
85123
2695
79615
2766
74796
87246
70519
2834
76012
85714
71646
90861
77428
79968
74920
114172
72791
94713
71298
69601
77681
80377
89123
89483
94616
90379
78630
107625
76254
80159
80980
78597
84594
69054
78178
83968
69725
79037
76049
94713
73155
3163
75857
84795
89789
74364
91350
86508
96585
78162
84913
77405
100515
86017
87085
102601
80730
74644
78058
2804
88332
82241
96145
81990
75146
89515
80239
74593
84559
73056
98917
81921
2722
100614
103658
84775
80680
88989
87396
84508
76107
92577
86974
112334
2986
89720
89517
86522
97038
92384
2989
96247
85995
98025
93657
71191
86113
72811
78939
69729
75127
87685
69944
104847
70798
82890
100866
74070
89403
84471
79021
84109
84163
70281
82054
115980
95999
84675
79938
74665
77203
94363
84084
70833
68383
3142
79721
103465
107912
74904
73602
92926
95607
85588
76424
98127
74829
99892
89600
70436
86292
71965
76138
75127
73651
74717
91203
94247
72160
96307
90545
76549
75283
74564
75970
74838
68814
74909
77842
90630
90456
99419
93464
87860
103959
87423
100975
91202
117879
85470
120263
117766
129331
109000
299000
173237
126177
90923
115036
123051
128170
106756
125251
115883
104079
89180
89719
90438
87517
90574
92036
97844
106682
102798
89501
89999
3320
103744
124051
94302
97894
92986
115280
122913
111961
118693
85937
124859
12606
13305
15086
21163
25979
13494
22560
19710
20657
21046
14149
12048
110388
92963
118347
101059
122800
94231
89384
88269
90167
88275
90305
100278
115566
94875
112294
93306
98194
89381
111821
109785
110234
96635
93969
101094
99803
87636
115334
105694
106028
91664
88422
102552
101148
91237
109986
87906
92852
101392
87816
91333
88371
88558
103086
100072
123003
100380
101598
89012
92690
104299
88339
122002
104017
106991
148709
102885
92570
93549
102525
102092
107680
116125
133329
106981
91349
92932
109739
90287
93637
88808
95369
98826
88307
2909
94611
108111
89180
103924
114490
101213
164674
141676
154529
249094
267157
125176
113092
122871
136917
107075
124965
122044
115080
119158
110407
122175
126064
114739
102575
116514
126166
104581
119361
112127
114779
111119
4279
115995
98769
99586
102346
109208
148843
15811
15465
25882
52366
16609
36001
10540
9463
27273
31258
126327
148014
115806
139506
197985
180967
104924
101988
118943
135009
109448
115743
102479
103117
103154
115472
99683
107791
120219
100142
123223
103225
109562
126454
124898
112180
116884
116862
107846
104332
100861
104662
109629
98717
98702
119033
124291
131244
117772
108092
134969
130737
124192
135119
112354
110295
109177
109778
122305
113520
111169
111323
119406
106185
102114
132929
114357
102257
103124
110790
107072
115210
99993
106579
101419
103079
108479
157601
14478
15634
25038
26661
15650
23717
14615
16469
14534
14557
15049
13222
14034
158584
215702
190185
112399
111590
115509
103604
98640
99950
123969
98514
101599
98787
125110
95470
119656
101068
133410
105818
125894
125358
128096
130433
134287
146532
110790
121189
110336
98374
130508
101952
175942
154366
102625
118839
111613
88734
122096
124216
113746
86212
107044
95512
119130
106762
94238
102184
86333
97238
95230
87631
87060
103914
87507
87385
102475
107724
107220
104590
97885
100358
126377
95075
107003
97032
106297
101426
86980
111737
113723
101497
107057
87099
110414
99465
115861
3096
112368
91830
114445
91041
175881
139523
93768
116808
129297
108592
93546
88076
90954
121492
102930
115765
86850
96106
99786
112321
88166
96926
114793
90396
121087
98406
100103
105445
89852
126652
103381
98605
112386
102132
89776
104515
88525
104415
116068
105950
99645
129385
108571
108766
97043
112057
92302
104148
123010
101930
98919
115823
124579
93170
119320
101412
102353
87414
103185
85476
101287
113424
107461
111555
130153
102196
99353
98976
105062
99033
122452
92795
101582
88524
88057
118137
104545
121225
97713
124388
96532
100728
104925
98216
101306
105019
127234
99640
89278
111152
91394
129380
95476
120405
98113
102711
111641
88294
133642
89043
300875
276453
336401
427050
101190
111574
97988
107358
99281
104593
124617
87855
102754
108542
98829
114265
97776
97682
85120
89322
128892
112503
109799
123554
115569
104430
100751
92438
101735
88522
108087
102932
98303
110231
100631
88768
102286
118063
89334
124378
97454
100092
89512
102672
87350
88899
96972
89294
88867
120921
104163
111151
98134
103726
179432
162369
101179
87596
100066
97678
87133
100736
89757
118891
104223
124640
108511
95426
101864
98681
98130
112462
101820
84842
3440
95120
107232
93224
115076
108807
107712
171401
175702
259170
89519
98886
100136
92979
104172
95278
101645
104040
111557
123492
121057
101023
107720
111753
101689
107836
85010
99385
100798
110311
84135
104851
98355
87538
92119
111576
88108
91848
93155
119859
112268
108037
119924
91321
109479
92520
106827
94378
106796
97232
107979
99079
106794
114581
88542
111212
92248
95372
107592
101126
88316
91912
100096
89510
141485
94827
90108
90373
89351
114667
86375
94827
92850
87065
104726
89562
146184
126068
101525
142847
103094
258580
243911
333344
422759
102033
105484
104033
103945
89803
105225
90232
87884
143826
111695
120197
116683
128003
111778
99449
86022
104273
85911
88583
91379
98116
87742
87695
100744
94109
88694
99829
89468
114973
85424
91500
85978
91034
100584
88964
88500
88324
119518
106168
96586
130517
96028
92034
93946
92309
95243
100723
87523
99860
91719
101436
107982
85101
95004
92983
89921
104387
87174
88026
88316
92520
87266
87400
90021
93779
89382
88175
95743
101904
102508
93454
90674
92496
105681
121478
111448
104299
88327
108507
101980
111379
90773
88155
88294
109723
97475
89145
106390
86800
110923
117085
115029
88700
82361
88556
109738
88001
101263
102481
122261
102080
90067
101275
89066
88071
99951
87987
94368
97339
94488
100400
105118
115672
102195
127120
97315
99304
119895
99896
105443
98363
102852
89928
94795
98914
84725
88283
121173
109570
105440
89088
93076
100659
89502
108812
107744
101752
100364
105355
93516
87148
115958
99618
99553
118022
105202
106963
124777
96043
103359
87798
98615
105650
94897
100251
107302
91095
107001
108177
119651
97260
97289
109057
106634
108407
83024
86761
107591
89618
122963
103833
114563
98297
131237
101207
87538
102456
87544
86559
89110
86876
103572
112200
109075
87412
99254
114212
92812
91372
111660
108165
123026
101357
103169
103257
115819
90603
177858
129783
19720
15281
13499
15273
21671
15268
8974
12938
22507
15105
11521
114333
83583
112128
101340
133366
100667
122348
107357
115304
86396
123490
113271
91572
93773
84726
115220
88845
97086
87206
87767
88477
88918
95930
87658
108075
87223
347167
234623
313181
97876
122946
96407
92111
93164
88407
86244
110441
97510
94798
86331
100330
101823
92355
96517
98957
134280
87594
88629
95432
100406
89127
103559
110102
86136
94392
90396
95371
109434
88491
89583
89358
101860
100880
88844
92523
89902
96245
256087
221608
304677
90605
103525
87930
110120
88496
97714
91853
109714
88678
110191
101476
86970
91449
89289
94929
88724
100014
89248
149869
93604
88656
106823
92150
94210
99194
99117
88466
90625
88817
119655
88361
142092
117410
118739
119722
129856
104374
104274
110929
115853
103970
113768
100715
110582
90560
94093
98049
106197
86777
113692
88792
103330
113488
106970
108333
105397
113218
105752
130620
125729
98287
87079
93304
96516
88816
98215
233514
88119
99516
95131
98270
91095
93822
101688
103583
89921
107401
99407
90039
89822
96037
101188
92764
91873
90898
89424
89339
93662
96144
89584
108446
97701
139220
105069
99975
101061
92185
89874
106866
88412
121925
98883
113259
124453
98004
95383
104383
137377
150371
119014
105599
93491
94165
108930
113392
108699
91370
111008
100017
105361
89764
90926
90878
92375
90900
96336
88890
102434
88182
90244
91710
103220
89728
92020
90504
88178
92679
92050
93775
91427
90797
89189
93266
91653
100059
91025
93074
109323
112787
94393
106439
103242
92298
109320
124532
103752
115291
107344
91713
92191
98123
105810
90215
89647
111894
91682
91554
98271
91264
92160
110572
108021
94541
111661
99710
95831
96428
98941
103992
93210
109740
104598
114071
110007
96691
100648
116050
104795
90257
175813
141933
14714
23958
22831
14424
13557
12478
14427
23698
13129
14563
13263
13212
14099
83727
83478
84558
90418
90707
106078
89496
90348
90672
118385
100794
103563
96496
90031
92949
108934
92553
96301
99538
88729
91912
99495
99668
91692
132245
91613
97768
107883
90330
93114
97183
99984
98612
124216
88222
94390
93078
88804
98427
107500
102163
104912
100094
104448
93176
97671
93556
104008
88310
92668
90495
89916
94663
90757
90464
91259
100492
94212
106922
89706
92987
105410
108755
97024
105398
106999
106833
100158
102574
116936
107594
105829
105727
102606
113674
102513
102694
116812
101571
123952
98504
88528
113528
113731
118115
114145
104058
107406
122860
114118
111954
93571
116639
97222
89314
99032
98477
95787
118394
92932
93485
91935
104517
115145
119062
103854
98011
115921
101481
92962
95985
98764
96776
93107
99333
96663
94103
96986
122942
119706
115059
104363
115247
100784
117170
105485
119310
116930
107505
85741
86300
87597
