5884
2912
2426
1986
2492
2249
2703
1879
392360
303686
129737
5600
125735
103349
77080
82227
14175
2538
1232
2228
98544
108500
5220
2940
103886
2656
107759
101284
98845
92298
85119
79686
103347
111942
101320
74477
96345
81053
83810
96015
2538
101686
3012
106403
3294
111957
88179
92633
2562
2464
106135
78446
76251
79241
76884
116875
79119
81656
91313
2596
85255
87642
110645
97853
2649
84468
93800
93938
63677
81699
104294
104126
75042
103572
74493
99565
86675
76473
88023
87891
97858
88188
81758
78225
80473
74031
87342
80486
88214
75038
111992
91636
74418
102530
98953
83362
77102
78413
81348
93161
72719
75728
74995
77089
2584
86953
76614
2669
78710
77029
2378
97645
82799
88237
97980
95345
104938
79919
90591
84352
82528
17473
3585
89075
83371
89042
77277
2468
100786
101247
62279
94690
96997
116495
98139
63900
82867
98719
84685
79718
73556
75169
90617
76193
75733
102947
108908
91768
86990
88738
81723
74941
79508
98980
88315
88340
109102
2816
109712
102146
99795
108026
107258
117637
87512
104150
118807
93471
78004
104729
92143
78358
85779
90424
185533
165123
108613
130025
85185
112847
77926
2041
79344
79570
91158
74631
76032
72950
80275
96962
78567
103917
80664
101175
96857
94438
75368
86607
80436
86395
95944
77065
103553
3073
102546
89552
87517
79498
86277
84076
105442
102700
98412
89386
116538
110693
95472
78800
85121
78458
87088
105139
129632
97804
78633
104724
75870
100023
104600
103411
122481
110644
108489
101756
93143
102818
95744
97810
95522
2483
88847
97740
141570
14022
21077
13428
12547
11114
11321
11692
13163
17726
11520
11639
11520
11404
12565
13393
82972
117645
127698
99369
93658
98848
91709
106831
99434
89993
93976
89188
74430
99124
80039
96288
75610
95767
3279
80511
78847
88818
97166
104153
92950
80751
89784
92230
95732
84849
75601
80497
75860
75564
76268
94901
75426
96348
86598
74763
104363
83202
84273
86465
90213
102620
97401
96670
2712
95778
78621
79315
99683
105551
83047
101129
77796
89220
79547
77922
85352
75843
77922
75107
93934
79298
88588
114137
89784
115893
97386
95547
87811
73001
77577
86072
79059
77699
75550
106431
75517
94953
85109
96562
89593
85374
77892
74315
75377
75634
83906
74084
72355
73293
75627
2549
83242
74607
127617
127805
108279
126178
110100
94731
99993
128696
89586
109611
139397
112377
101287
111338
109960
98244
137675
124189
99551
106374
113098
99135
87720
97590
2900
106168
103562
104457
86881
104758
83821
2728
91721
94341
86188
87563
90458
137629
86009
94007
88455
92516
89720
87297
91384
118098
101277
109150
91516
102380
77891
82062
80366
78452
78690
80252
76150
75713
73960
94689
75336
82307
79514
90945
79776
75362
76880
77482
86318
78260
105397
75504
118410
86916
114533
87087
95431
75464
88155
77577
90459
83273
88712
80743
90351
77657
74615
61409
79409
79580
90579
86673
80284
74387
77713
74896
75778
80441
89321
76870
78048
74767
77756
105012
75661
99763
81900
83228
99875
94934
105873
89215
81988
80006
84818
75641
72814
82691
89989
76610
82426
84055
76839
84449
81464
2472
83276
78635
84733
78198
81749
78769
76084
93181
74787
80166
81713
95583
95482
96649
94537
87100
103053
89184
83485
74356
131692
94526
87458
91328
128507
127907
91611
104261
100463
104073
112466
86239
80512
100449
98394
121588
83484
85759
99584
78130
78334
73358
84697
82721
78653
83878
91543
75095
99465
84884
88390
89046
76457
102512
75626
82722
107357
115127
81183
95754
83477
88342
87159
86896
82564
73165
84515
100435
85200
92544
124148
67245
90784
2283
79749
118378
90099
72499
88380
87143
103345
76915
93038
78132
90279
88260
75520
74792
79704
83920
83280
87248
71802
79715
61220
75118
96324
90122
82839
86281
81144
88109
86085
85506
95912
90513
113114
97225
97502
101529
77040
79488
77865
86066
87528
81152
2772
83711
99069
131434
98197
120091
96398
94982
92944
108205
89171
86675
106138
113576
122125
104351
123836
127217
101171
89488
93820
90641
112043
89448
98678
114544
93189
111994
97420
2680
93887
116335
110268
89469
88523
113536
87412
97475
105792
118020
111110
115414
264052
268827
368964
416170
117959
89264
101687
112003
108026
103846
98131
136589
100737
120733
107434
99622
112187
77327
106206
104063
74439
76637
116455
86640
88189
75552
77011
83230
80482
84757
80326
85513
88427
74404
73361
227935
206182
285559
361120
115757
75230
94337
94335
82301
75144
84964
90103
80810
82956
95337
75226
77104
82679
79545
268828
256398
304091
95115
81735
90317
79781
78875
92766
106716
104365
103775
87314
121799
2477
116465
123264
105442
108031
103172
111266
86368
105190
88766
87647
95421
119139
105865
101037
111631
99926
119455
83714
84042
73124
77502
95338
87807
81850
80639
74339
89578
93587
82149
82772
110622
109406
106780
98341
89969
109964
101858
85696
75585
80178
81998
80857
76868
80064
74471
108259
98771
105911
87306
116006
89316
88070
86760
89597
88336
98860
92169
102655
126396
109386
114668
98969
118214
108083
114854
95920
98231
92580
96835
88208
93260
91596
86965
93454
94816
157771
165383
122477
109450
142090
21582
11508
12747
13533
12552
12386
12849
12411
44397
23266
9277
14862
9152
18374
98345
116700
120148
106101
87668
101956
100249
107194
121949
104735
105815
107461
108643
112901
93593
111125
94906
101774
88000
89482
101571
87033
118798
86405
114561
102668
113143
85526
101479
108830
105967
90828
103318
92700
100411
83275
90609
99051
84707
88671
112967
104768
131228
92754
128713
92088
94436
113087
87069
94957
89300
100845
86262
91673
97712
100147
99625
106851
109484
102189
152319
145785
19268
10135
12984
14315
12454
12210
12612
13724
13099
27767
12767
11508
13005
11839
11674
100360
91116
95703
96336
96443
92399
88910
91241
89655
111801
87684
97327
111425
106179
101203
101967
99538
113687
85173
104176
86817
98521
89713
91324
87767
100031
83590
86382
115376
95758
91591
97096
94031
102121
102112
2884
107265
89898
106109
98493
102365
86542
94087
84075
91337
87993
96686
94923
108985
97262
102247
100291
92018
99214
96478
91419
88871
88846
93824
102353
99091
101908
90258
91021
102913
87282
87199
88299
94752
101589
114897
300735
290551
359074
429203
99425
99198
94502
102827
104630
91123
86707
95266
103756
88061
90047
97357
95085
88833
88805
97523
88792
147714
122145
102482
90746
99889
106144
111749
89131
110505
97147
113599
109968
88507
90648
95722
88099
87492
166821
156419
113652
95695
95384
104086
91590
99389
96355
102438
103671
102270
95557
123728
101474
94458
106360
88616
86291
98602
111899
161175
15840
8871
37692
12890
13270
21647
26715
12912
12947
15657
21950
19008
23731
28902
17535
17986
18156
16984
16477
16660
17128
16820
17704
24933
41014
17346
72678
67887
50266
52767
103344
65597
103208
98150
98043
99874
90750
112949
89434
87878
104036
102042
101628
88879
100791
103797
114405
93676
91787
109067
110133
88414
90019
86955
87929
87979
87610
88356
86928
91671
102371
104261
84061
178992
116619
89630
113908
99825
98472
106150
100469
88421
100268
88493
108558
86696
88974
100969
88642
97463
87750
86529
86477
115990
101886
122939
104201
115326
100260
117174
88629
86408
91405
89198
95076
88812
90885
101117
119924
120301
98598
107372
96480
87819
101403
90045
107769
99059
91983
91387
90821
88617
105398
105514
127111
13818
14311
20050
10869
12820
13316
22027
2418
13426
13567
19637
12513
14872
33689
25792
23929
23818
17944
17216
16955
16815
16998
17103
17605
17301
16721
16290
17364
19792
18149
2741
17297
16654
17707
17118
17944
18446
19526
16189
16263
19168
17320
17106
41490
39559
15011
40473
27712
25716
52920
103448
101071
105344
112111
107318
95550
96122
116290
109854
116234
110639
86325
129840
110254
100374
88341
88476
109768
85844
94527
117271
116826
111609
107452
93623
110134
121220
229252
212970
309484
401247
101040
87090
87248
101089
87850
95564
101859
103968
115683
102786
106546
91961
89873
89036
100423
115809
107363
127263
94472
129669
99756
120821
125325
104172
1280730
1245624
1307147
887898
527444
113936
89096
118718
96329
114182
93109
99015
101380
111881
109863
93464
88030
94035
92877
108373
103965
102555
90764
100418
106047
90320
92488
121341
104399
107255
106871
128019
88945
103503
89767
89793
88529
100790
89491
88907
101294
113810
164479
14745
12757
13813
22029
13507
21763
20162
13230
21668
13567
14547
13120
12994
83569
83781
82619
90356
103814
105248
121609
104170
108621
105609
98305
104079
115398
106966
104997
101744
99372
100720
89123
94572
103316
106544
87680
92404
91163
91712
89470
93421
89548
88646
92782
89070
92356
3344
100867
89593
110175
126326
96365
98568
100388
100207
96704
90605
91131
87581
91597
96665
98472
93752
115619
92477
89558
100473
104869
89532
87916
11817
109681
100997
90193
93329
107663
101642
109562
108549
113167
89431
113213
92404
92751
132700
112656
112235
128044
103494
90610
89566
89793
110294
113159
103492
92980
108222
112956
99352
90096
91435
90677
89973
88716
106341
111954
108334
90458
110468
108243
118260
97124
102815
90588
89559
107955
93765
91330
87916
90026
111346
102750
125327
114915
101968
98806
92510
90733
88562
88854
100871
88638
92083
90074
89003
99398
133461
122070
120862
99617
97377
95670
113592
103493
112667
117168
109626
114237
105470
126812
94724
114029
97720
115129
114559
87033
120196
261399
248466
303527
103858
98939
107185
101701
93976
129828
101842
87683
101257
97584
102188
113028
99557
118872
107790
100478
111437
95651
99428
97641
90136
95687
90624
84710
87661
90754
105261
105050
109252
137875
91167
99031
109445
102937
88810
88860
98325
92741
88305
96269
91665
105762
87368
126974
110672
113536
105240
114016
91712
109943
98597
100746
89793
93178
97069
97032
87400
100180
96135
90210
89172
87324
99131
96033
88135
90989
95552
90677
84029
83264
92812
87370
91350
88097
93747
105249
87445
99994
112924
86732
99599
130775
12010
13264
11391
11965
12655
12135
15215
14028
2260
22231
21499
25472
12335
79107
87191
80786
89894
100341
101178
86127
87882
86092
94877
88169
99787
88007
95734
93337
87602
89217
110255
86198
89786
90804
89150
88381
131143
106793
102083
125134
95624
99716
91277
88914
89429
90971
89172
100650
95455
91128
99563
89657
88723
87751
87189
86740
89553
86782
86803
111223
98231
102862
98799
88968
98825
106180
99758
91428
99136
91213
114171
86382
107247
89055
103194
110075
175567
148956
12562
12873
13072
12946
12453
12946
12659
12908
32300
14224
21090
13436
25559
33066
15907
37919
22992
18271
30315
26134
18210
19244
47726
14901
31308
32115
36527
20053
23784
68806
63105
46439
50180
50085
69728
68479
69797
77546
95157
89091
88306
91307
88359
103258
95986
99177
93931
95691
91249
105367
97058
93376
88145
100996
95781
86537
98910
103861
99143
120670
104540
103637
97922
94162
89539
90499
98091
90924
87829
98176
124426
101644
104606
112196
115287
96586
101593
108245
98874
89753
97559
101087
90652
96953
86060
89886
102918
131049
96458
336025
315409
462400
474054
273819
103162
94194
90224
89223
89868
89947
87769
96737
84619
103096
88242
87060
87459
96466
113117
109217
114106
90494
94908
96802
91392
106625
99147
101297
92166
95270
88321
107383
103814
99333
95372
88866
86903
100986
97723
104753
107278
118484
112509
98397
108046
101960
97875
106619
94564
98950
86409
91856
88221
86316
94476
87668
91849
102249
87315
87107
110463
107565
120837
132220
20059
12344
12805
19372
14419
12743
13015
11994
21774
21423
12920
14180
11972
14354
20142
17769
25076
27377
33101
14622
14310
27299
22085
19553
19062
25173
18208
16531
16297
16422
16362
17354
17634
17371
20121
19268
17386
25863
81457
103628
102429
115624
92827
105271
103542
89350
108773
91673
90015
101820
108103
89817
89791
90415
92304
83147
89415
86228
90689
117048
102476
105443
116170
123546
84777
103287
108299
101171
89209
90406
100768
100911
87601
84793
87612
86831
87395
97346
100144
88296
100949
102011
96755
95525
98381
89717
88662
89595
87257
100415
89748
78793
100437
93390
95620
81243
86300
92563
86736
90601
87409
87266
90118
89720
101611
102170
127981
97414
114295
105953
88216
98494
96464
99688
92249
104858
124055
22599
18347
13506
30139
13085
12568
19858
13201
13494
11948
11277
11832
12881
23888
24451
18349
17452
17851
27024
33511
52899
15096
28957
27473
18486
23886
22455
17208
17898
28201
18437
28169
17796
17052
16193
21147
16277
117884
129959
106463
106816
112792
114817
89700
90870
99568
114451
122911
122488
109314
120528
88288
125406
104925
87785
121520
91483
94373
93463
100832
94162
89231
117568
71907
68572
103860
69070
108870
82733
69239
97496
83036
77972
101983
120582
203796
208563
100673
96412
93539
87734
107952
88469
105179
88682
95367
100326
107247
85424
91697
87213
99146
97943
94480
99656
88443
86835
99707
92671
99684
107592
98755
109258
87826
100393
86489
122434
116379
108144
110628
106836
106887
115091
114165
99409
87409
89251
102017
105960
116601
111395
112085
99298
106564
95717
92485
91057
89647
120120
88651
115190
102728
99668
94447
108261
93575
95068
104781
87469
85102
88149
86856
109046
98563
124205
94172
101715
85579
86751
93051
91768
92657
92961
85999
2286
89559
87691
97854
104407
95567
86832
125742
90948
89394
87299
85546
87120
99720
129094
179214
14233
12575
12493
14712
11211
12632
11904
8419
19011
11349
11065
11306
14945
12379
11695
80796
88389
78659
88273
97367
101927
120358
177419
123680
121817
113545
168727
121944
141188
105765
88809
92813
105571
89215
95794
119976
97437
102823
88660
90069
87914
87529
89247
89584
87501
91664
89887
113873
103545
119856
118606
102312
89740
89844
88255
87718
89765
89139
91218
89176
88001
94917
80900
94894
88329
87228
93087
88668
107912
103858
110061
97505
107889
103881
105494
103017
101100
132443
142672
99994
100736
110480
94924
84655
100362
102732
89190
111215
103260
118447
101263
90496
99134
86296
100016
103497
97558
97906
98421
97171
101459
86960
129478
101924
105703
88591
116397
108481
124057
97398
89599
89706
99820
103993
103087
94741
87853
88317
88282
94378
93454
84397
96011
114402
87538
97621
89470
100294
103050
102306
107559
100047
128504
116029
109250
95879
318570
249128
334190
401388
90956
80832
96376
83097
85104
95014
90484
115993
77739
89473
92281
81885
77969
85580
91317
84696
80160
82893
80402
94540
94133
105534
90358
85876
87283
86657
101012
86320
85285
75973
102716
81511
82623
79041
80960
85899
98591
90751
76215
87341
79046
84524
80903
76889
100714
77164
78249
99943
93545
80047
80287
89706
81234
83946
111681
76856
92702
93485
100810
84633
100422
82460
100817
103561
101719
92508
77008
85799
80672
85711
80371
83586
77191
75036
83887
95731
85359
78252
99778
102086
85315
88557
88254
84762
80514
74493
80469
97529
85369
97875
83954
89424
103567
98364
62550
87064
82805
96717
79434
79624
79259
77321
73421
114678
195319
168167
83529
81171
97845
81480
86854
82222
78248
85458
97648
91270
105167
83312
97592
104489
96010
95906
75976
77773
74412
90281
61443
121468
87526
122904
94475
97215
86569
86817
130256
91287
88138
77401
93161
62771
87844
107401
104120
92193
106006
112897
90077
80849
93947
93494
84573
83174
99357
87177
78578
108774
104896
80735
82416
87613
90232
88215
88961
76013
83085
81421
78928
80320
74614
77814
74675
75529
85340
81148
93465
81302
77297
105447
76408
81477
95525
76849
91999
94203
83260
89113
102585
87302
81370
75629
76972
77896
86709
76787
76257
84413
79522
84813
81499
80990
90684
88739
93717
94222
90000
89418
75645
73813
82144
80011
76583
74514
113586
79541
78700
75856
85557
79987
82333
90296
92134
94567
90276
77153
76056
81922
74736
76354
90893
92164
73205
92906
97722
94014
94351
116779
74374
92052
84441
91225
86223
89757
86108
84328
84561
109312
84502
93821
103459
92625
104573
82439
88140
87975
95637
74283
89943
95240
88467
98994
95204
92575
63304
78506
89282
75997
83634
61228
89577
79864
87763
77232
85156
74427
74903
80018
74977
76029
73321
82342
74400
89264
73774
79689
79839
87501
96921
93795
76145
76061
107461
105886
79024
165815
111142
106689
132836
109082
119222
92293
84211
91638
89257
90387
90236
98558
106658
102390
140280
108643
111231
101763
85050
90822
95968
88028
93082
91504
116430
97104
100120
88783
109856
87326
132958
128237
141369
112452
108215
99346
93459
95688
88237
88969
105249
110309
120202
95643
102347
95998
106894
89494
104720
90708
89021
90932
88333
89283
86831
88415
88373
101433
87005
102219
90876
88201
99853
106137
101155
119737
100828
89294
89299
92632
101497
96100
107966
105344
97259
88265
108208
240603
188248
14916
13579
14271
21206
12230
20609
20951
13603
12132
12697
13268
11690
13862
89583
80771
114188
99006
89004
88433
89003
88083
88776
104819
86162
142080
93085
98269
116676
123902
108416
100161
159515
94915
255578
244269
103571
122343
119583
101030
91417
93451
104818
244653
127892
111576
107267
106386
100640
164778
100303
170110
179714
127967
117071
105826
107529
108557
112882
107814
101268
110334
103849
122536
644874
550481
620940
123288
147799
1567433
986299
1434942
1229543
111488
96152
107547
87438
115242
100261
108282
108957
89484
101432
97513
104543
98098
91423
90752
119450
89747
92212
90671
102118
90511
91255
94782
91844
89819
89593
107914
88131
107412
113607
107796
100098
100411
109681
101284
144367
122524
109881
113722
89648
87743
111214
83925
89094
118650
93179
89804
88460
89991
89259
91733
85861
100324
90464
103846
92633
122550
101286
93329
90683
97465
88009
99154
110011
113205
90300
90932
92267
107365
87547
91689
112910
99422
92365
89983
89661
89559
87228
98167
93938
123163
118308
106769
96380
90712
107866
105908
95833
91249
105897
89092
104521
94587
93498
112752
107559
93977
116491
108737
94226
97043
88264
90095
88783
102786
97303
100463
96002
100468
93556
94370
115864
105081
118575
86848
91620
105047
92175
90997
90306
103543
107372
98209
106912
91976
93224
87943
89466
91161
87769
131431
106073
111257
103751
120678
108192
94862
90333
105287
118442
99804
85555
132107
96669
108835
116386
106442
97651
103478
101219
85408
110624
109893
118900
117611
112674
132630
111686
100737
111794
109553
102339
98891
105083
121542
106820
137065
106538
132559
243204
92825
107335
102733
127747
92829
96295
93798
87580
108348
91434
125186
98832
101697
109506
94281
105089
112454
99951
109853
108166
100820
102973
87862
101882
89338
98197
90435
154319
107087
147344
139498
304982
366507
493925
699521
810372
382273
481225
136919
128536
133279
134068
125153
127189
132494
139638
355282
270287
388606
114226
107208
103611
119928
99431
117890
98345
111501
137116
115692
134257
150195
105081
144927
105454
140003
102786
108516
128967
115790
112610
107566
109676
106178
104980
99533
101803
113831
98470
99433
132030
13976
13579
27142
10613
8732
18313
13552
13645
22102
13820
14076
11611
12433
12220
135935
103830
102603
104332
89032
87310
85401
103522
90649
94613
86754
105168
99496
86684
86738
113114
108358
94173
103623
94461
90250
103805
87992
98453
88515
113590
103194
129515
94949
104571
106070
101557
103248
99793
94505
108512
89909
90414
108595
107828
87496
102267
82005
91836
131154
111466
95335
168093
176683
265031
85965
101219
95448
116082
97800
97438
85589
86915
88346
120616
240251
218465
369570
105877
106042
101989
94939
107266
122310
91708
94582
102744
87321
111114
139037
101996
94767
109059
112574
106278
107761
98792
124434
96870
113511
110541
111731
129415
93388
119141
94642
95844
121546
88633
105247
87369
85102
94467
129712
98518
108455
119938
104484
108850
97692
105850
99673
2113
1807
114865
2297
104612
2366
102272
1827
2103
2049
1671
1882
3910
2749
3169
207756
118865
2604
144161
123051
121036
121695
114011
2883
2163
130707
2513
1979
140807
117673
2798
2035
2726
135697
116296
2388
113276
100946
2299
121137
127306
104764
2582
110894
105918
118529
104032
104375
103047
113533
97767
108608
99766
110054
107973
104034
99377
126420
104355
96921
101610
107601
99709
99914
97854
98402
103616
96646
98912
99484
2423
135992
112152
103596
3471
133682
96697
107369
82782
86915
90386
2588
143531
123140
3231
131370
122129
127052
115844
124947
124821
2673
2576
282768
18026
17740
15385
15326
25032
16371
37723
13997
11677
23502
134041
107086
113099
134443
121607
121041
103296
123903
101604
109707
2549
123750
128387
103526
102205
128835
130148
154016
121675
121431
128853
106805
126568
105899
100037
102618
103546
112043
100248
169361
149096
108245
101011
98903
113995
98177
117427
99256
102071
103345
99309
100016
121402
126706
99281
112639
114820
2211
106145
110425
120806
100426
99652
119148
13061
14188
15187
19974
13736
2982
14277
13967
15542
16067
22406
34634
3477
137135
123726
143801
103238
116728
99920
124992
118743
169788
327667
340914
477740
607640
722242
341840
452544
118744
119970
3068
110121
121096
139522
143737
3246
111082
113151
120689
226546
180232
117270
110474
108596
111581
103956
117307
117595
114030
133839
3217
119516
120363
111122
123048
127477
128529
98778
99058
114879
2775
120356
123512
97309
86224
154598
114660
119299
109216
111371
109339
104125
98258
102093
98587
99076
104034
98938
99776
105659
99200
135336
14980
13489
14775
15284
13382
15573
13453
12895
13608
18064
15579
15037
13347
101020
2385
155696
118915
124893
105110
104109
110640
154997
14625
23128
23806
136296
118545
121677
104075
113481
99121
99636
99385
117035
102364
126405
107570
102441
101115
99093
107657
108675
108200
127647
19281
42037
21584
16552
16339
17423
27826
17838
14119
166606
96076
98570
121235
107642
89321
123354
102101
121325
91327
101515
89125
106658
89941
106712
135139
112069
121255
108029
163918
93147
107694
111687
115174
107020
106875
99836
108671
118373
98760
87105
113794
93332
94619
102578
93828
96120
86019
82843
107023
86296
100358
101689
2183
99416
115053
118894
93793
107352
96799
142432
104341
95285
96498
110740
122471
112445
102851
113058
95514
90303
88816
102039
101216
97933
105332
86137
117755
86424
97402
93092
86765
96763
107079
119327
87453
89908
98712
104609
98757
88382
83965
118652
101279
110612
108404
87009
93134
99853
93086
124330
104897
117859
100864
107749
95847
105049
90783
105737
85577
87478
98275
106086
103549
112592
88014
110172
107192
103435
111075
85388
98108
109022
94077
107002
338763
533632
605631
416036
787102
389971
451740
544396
656754
756141
120722
135671
113289
107786
136258
102407
99362
99334
115232
100205
99462
99389
113563
100409
100786
100434
107789
125996
13494
16325
15843
13380
14718
22615
39295
10197
15335
21275
25908
24955
144055
119961
121251
306557
218912
121351
101569
106240
122668
113972
106042
88211
109298
109661
99853
86760
120805
114426
92685
109924
93437
101721
100492
103734
85399
89165
120877
84096
85698
92675
2608
124510
12592
11290
12933
11746
11265
11614
11465
11350
11831
12497
11574
18254
12529
12481
12207
12438
133038
107276
101638
116461
117268
91554
100632
118487
88172
88004
86634
92312
113334
96352
93625
118149
88068
93174
97754
91464
89212
88590
87773
3757
97724
122241
127247
113904
90962
116667
99280
92034
113155
114198
89208
91948
92900
84543
88688
87853
87376
90114
86500
89110
87192
87744
96067
88384
89108
89399
96072
89025
89012
88683
86972
87021
88569
86465
88069
101411
89118
103998
103773
107854
87703
94942
88184
90531
88192
101320
186546
22659
16292
8964
14192
14158
9953
29350
13242
28582
13586
12689
12639
11491
12213
87841
87252
102612
124428
97337
106709
100446
96062
87216
123631
96668
109408
87787
87998
87677
87298
98892
89575
96768
96634
91859
101839
92548
89447
90184
89398
103951
113561
109137
100119
98091
136201
123632
117294
100578
96120
88926
94274
102588
181272
18029
18690
17048
30904
18274
17529
38660
71872
108200
92351
89656
86663
99784
91870
89605
123062
92267
311234
286732
347360
26464
25106
25631
108081
95826
115849
116227
89923
113782
112738
90943
95896
88737
100985
105151
102392
93058
99401
93365
102159
90435
123118
89133
96809
85976
102713
109285
96256
17907
160456
92797
106254
115329
114221
99196
102530
113119
96505
95677
108146
100437
109627
97912
100753
105085
121118
105435
96687
93436
88888
89282
104443
87449
90580
89112
90997
90295
100785
95914
93901
94523
125660
109698
96572
103439
101094
88721
97051
92205
88722
88258
87443
106231
87661
88494
88729
88732
2164
112727
117791
104796
102664
106869
99457
90162
100943
89232
90394
88896
88965
87839
103449
108422
145603
122430
89406
94175
89056
131322
105120
92826
98242
108312
106157
106253
174738
175104
113713
97827
111790
99350
86365
89805
125160
108207
241550
214585
88698
100364
101635
99971
91070
101152
113561
86714
105173
119977
93106
230336
191540
286316
120132
88367
99048
91109
102785
88826
88003
105597
110745
122713
95118
113971
98163
87854
99092
94206
90863
104026
101212
87457
107251
106154
87016
108940
96441
93896
101676
98916
106042
87846
95128
90707
87436
86076
88683
93388
88108
86485
85713
94157
91114
86492
96131
108447
138908
89255
122677
115927
91638
95863
101021
89861
114581
101693
111880
103263
90664
102108
101981
88528
98410
89325
94687
91662
108369
95753
91103
88167
88279
110122
153227
149017
97100
92555
95388
96561
103153
87305
88134
89247
90206
86611
88024
86892
92389
92916
95650
129101
108907
2801
107864
86868
108926
86019
90225
87637
116413
12717
12200
11417
11272
11530
11546
11004
12212
11297
12070
25508
13432
12872
17479
12096
11655
79411
83824
97901
120305
117308
88617
2670
91358
99587
118007
88935
100510
91311
99931
86507
92906
101764
86929
104273
114626
100473
116173
105473
94491
119828
107350
99685
109935
89908
116944
108805
92836
222708
188412
113849
142881
422888
372010
457858
595813
788854
283343
384147
491764
107649
125302
115084
107222
101131
105168
122818
98708
302971
477406
356639
393136
612960
249441
322612
421308
27532
19746
19660
19805
24260
20827
66062
35524
16356
30355
59119
21251
30175
21653
75101
106879
133181
143175
114627
131462
116663
113486
252372
200386
110207
112843
227794
192340
32449
21791
22077
38667
31685
29303
18347
20302
21847
19264
2895
77096
61797
142231
72745
58822
70035
132893
107316
122857
20032
20319
31755
16242
21285
20617
37882
147414
1074437
1059009
1164866
1241699
1650145
1770788
1284831
133332
134394
121863
100276
101956
1238345
1225075
1382533
1185357
1072121
887714
959542
737709
148882
131083
136813
92341
94751
120301
100128
115636
110320
206822
169639
12669
12388
25770
30988
17176
27474
18988
17769
19510
26955
15583
39998
17972
17132
110969
120223
86824
287510
182573
262319
109903
91049
137154
90523
117170
107170
112891
107030
86801
137620
98853
94608
104017
88093
92456
97447
98011
108082
89014
104302
90675
115751
147913
156522
14432
20974
22075
9444
9554
21007
9316
12331
12166
11857
12449
12699
12366
24715
24202
14416
18522
36256
25993
28155
14222
27883
18987
14114
17716
29430
16874
26874
98790
101657
114740
137140
91581
108211
97074
106383
96492
90898
91926
125106
100557
100643
103866
120099
96848
92268
109964
91503
92990
99123
96844
100501
88327
88200
96237
90207
87713
104782
87297
94640
100418
89394
89509
89491
92957
87702
106570
122025
95395
2271
116217
91008
111803
92331
90684
99235
95063
82252
2546
88452
87819
112296
87729
79202
87673
86313
98415
86923
74549
97415
92602
104908
81211
117520
101821
98012
83182
100244
75668
83541
85655
78054
101446
100444
87641
98793
99649
130575
92391
73607
109662
112872
108320
86181
81533
87211
90973
91904
99405
77471
104313
96935
115794
86346
91165
95794
83352
77461
80525
81960
87895
95370
84382
103238
103448
78454
115305
75232
103753
74889
81232
77348
89066
75468
94800
93661
106258
83005
94628
89029
78384
129427
83989
95495
86993
61927
80576
74024
78439
100329
95878
93191
83390
87273
74207
73631
88131
80203
79620
74162
95915
80072
80382
73906
83821
74033
90122
81131
93734
90720
78202
79645
89774
76099
117889
83887
77754
77744
105817
86748
87354
86310
98227
101275
87447
87730
86869
88456
105353
87902
98702
91062
97602
88957
86208
82435
82600
248559
102122
85044
88184
88675
93272
102639
101359
113872
98572
112896
95308
96165
96818
86862
86487
87513
87345
85025
83253
91053
92705
95258
92461
97930
88185
88393
88416
88164
104846
112236
109914
87405
105481
98359
135978
91411
100696
91585
86316
85979
96463
96177
91249
88480
89391
90024
89063
95984
91596
92341
106670
100999
84939
88995
84576
104394
88839
108942
87717
100523
95039
85840
118548
112007
93107
98940
96767
103876
103456
93042
86249
99809
116256
103339
102985
85995
99313
93839
94786
86933
110931
118041
100345
118657
115558
110853
95404
100102
117859
97177
107610
92052
115017
94853
100649
97957
85201
83856
86582
104141
179202
171000
267089
109264
86373
99787
93194
89424
87948
87296
110437
85607
89861
87854
100366
91943
85443
94155
99370
90583
86382
113877
97720
137825
108250
108398
91336
111915
99692
92078
134963
85814
89136
87019
103200
92765
87376
86973
92275
88373
87888
100799
106783
101798
116696
95558
119519
107624
100330
90239
90306
118500
109778
86627
106516
102988
94276
96266
91355
91978
119807
97753
132449
91101
85213
110154
94267
88950
104366
98975
94237
97628
92883
105442
87723
97996
117717
119499
300606
238563
348256
405342
102230
100968
103187
102391
104025
85471
143680
131291
95383
110080
94612
106705
109003
90906
115311
88467
118327
129491
117768
128687
101162
119926
95073
96250
93919
88218
113512
99111
103166
94328
99098
97716
99853
133168
128032
108667
110150
101992
104005
126258
99390
119545
90249
93797
89608
88991
94819
91966
109660
110979
86406
104158
98562
96691
102754
89499
103124
85808
95883
100823
89065
96935
111876
92770
114696
112736
127593
99119
95141
96562
101914
159411
176646
122962
14072
14337
9045
22226
13160
12988
12800
11724
11896
11830
11063
13049
12540
27616
84381
99110
106217
87596
89983
86518
87727
90119
87876
107293
90952
108500
89859
89241
90171
93093
88878
141961
111072
110865
103731
107911
101496
104168
89027
87247
88418
87325
88509
89362
94759
84010
105756
104683
108107
101433
85445
103448
93431
119546
89374
115358
94598
90558
98251
89196
95082
88146
104474
123485
111417
119816
101718
98097
161479
112479
103075
90263
99666
89043
88800
100415
96649
86581
87155
91863
94406
89076
101503
109326
128606
21432
12276
20811
14142
12840
21507
13218
12122
12026
11289
23227
30046
16577
42535
18787
24143
14286
17873
18205
23162
16785
15904
16098
35222
13783
60833
15132
27332
18319
28755
31457
16796
16810
16122
91282
88310
88145
101101
89916
89298
110459
88728
90832
98395
92585
93998
85996
95593
97720
89174
95694
129779
99955
90890
114082
100236
101858
88472
101596
241383
102601
95323
120086
122873
123572
89705
95232
108086
106062
114306
98253
122951
101904
95062
79454
73347
101540
109711
79957
88817
80378
69404
74354
102223
122371
95291
102577
101901
88478
107184
97750
87380
116237
103502
114152
96613
109963
88445
99969
87724
87332
85529
95181
107546
102926
102131
128044
109038
115665
101950
91517
108897
140056
101963
96149
88435
86422
97420
92686
89067
86821
85371
89681
89813
87273
87983
87717
88350
84492
88984
86776
95885
89648
86757
110769
146089
107617
128069
110063
108890
117420
109160
96538
101836
116122
96560
87965
105265
121659
112225
107052
100080
102814
103179
104362
96034
88368
88346
118759
86507
91568
88339
95798
91027
86608
91302
85935
85003
117074
111440
108109
96499
125164
107959
104412
108761
87988
89864
106029
88347
113273
107419
111720
102108
102261
93640
94304
98464
99672
103256
147157
95652
112232
93571
87759
94007
119424
98961
92228
96893
136475
91737
115226
106253
87966
98844
104716
2552
93020
87357
89592
87050
106159
105011
190847
207140
112111
126694
105675
135872
120715
109346
90511
110410
92405
91179
93594
99320
106399
84175
110381
104482
101657
104784
107341
87410
114312
114042
117920
107314
96059
92793
98534
92151
99082
129910
109163
114634
118588
88503
111765
103425
105654
108333
95417
106605
97001
95247
98869
98083
98495
112828
92409
104615
90606
88311
87938
89530
88286
100510
100213
92952
92182
102023
132322
17856
21768
19345
12582
11769
12802
33674
8398
29750
15431
8776
105470
112897
101952
105590
125397
104063
107215
96476
106902
114805
86446
177903
165786
121357
110568
102181
105216
86179
87311
106839
114214
113475
111184
109142
98342
86912
103671
154378
117173
13651
12541
12289
28459
22903
8688
12260
11601
12155
20696
12241
13851
10921
25294
16976
100452
82833
109179
87389
152543
118961
129171
124160
108376
106891
112818
100882
107245
108698
107492
97739
125828
99564
135747
111054
94517
104294
136097
127931
104547
92267
103559
89546
101989
109113
106347
140485
85319
93480
112531
93337
137494
103552
97393
110505
97984
97282
106625
94249
101117
110657
94276
94164
91775
89068
102235
101002
107758
113417
105153
118159
88865
91230
90301
120493
113691
99203
97306
107820
100888
100914
100507
88688
88692
87722
86581
90991
87819
108714
93390
113012
194575
180701
105790
100397
94339
92451
89839
88087
83216
107459
112099
92080
88830
90344
106060
97255
104456
87575
106019
110305
104268
90913
185215
112230
87508
88599
88394
124608
87147
113211
133457
100330
121344
108541
103904
106676
99438
114351
115300
96047
103456
88251
96199
94981
88775
108106
99944
92672
89713
93598
92196
88710
86967
88103
86426
94187
90238
118755
26786
14942
14989
13220
21141
14896
34652
12021
12828
13545
12441
13079
12672
82217
87996
93483
87900
89506
99409
98516
90388
98753
115273
88292
105516
85635
95913
84468
130585
114200
179310
179180
107489
98802
107621
95503
231801
238791
320147
366764
145741
103163
90298
100590
85439
90455
87206
86200
86154
96598
97352
96384
84335
81854
91697
86563
88678
87337
87721
102125
107171
87922
100420
88541
94882
88637
115574
90737
109554
89478
148403
166631
25857
17435
18053
16391
27664
14901
33398
16908
26703
64552
75969
66661
92170
90350
108260
102040
99097
87014
116171
117225
96086
94820
122556
88039
90270
178287
171882
255498
107859
95651
95819
214190
192135
265683
101506
101886
91933
104675
88303
87838
89019
87542
89139
110911
86549
93321
89668
95570
94781
89860
97052
83320
87204
86472
104413
101638
121512
363701
338805
401352
646405
784978
359810
471955
96723
101624
96066
96497
87368
95566
100987
87131
88841
88091
112848
99070
96463
107335
111696
89601
95663
94889
88633
100368
95522
94270
107252
131216
100581
96863
99108
113079
139913
12289
10102
13567
12107
11669
11768
14249
12528
11294
12151
22712
10206
19487
10443
13065
23638
27544
22210
38852
25745
17307
22617
15119
38575
21547
18096
17017
40762
31744
14523
26582
27286
17757
16927
16447
16398
16886
16071
18357
23303
17754
13677
17844
16920
17671
16060
16855
13478
16558
16928
16135
15827
89524
112249
86921
99195
96459
89313
87502
87984
89173
87193
97852
87344
86571
95567
83385
93606
88207
125011
83504
86630
109676
93209
89848
88801
86769
88771
96006
111791
88847
92670
88242
90581
142399
152071
12291
12460
12014
11343
12205
12106
11276
11051
14683
8604
15737
20810
13451
13436
12200
18640
12837
13038
13243
11197
13344
15805
43266
32046
27000
15926
18204
16635
177154
30912
36279
29177
15858
14413
33207
80377
139044
84806
120914
98526
99170
87588
103827
73727
98248
97498
87607
90222
85063
107725
77357
104709
72202
86467
78275
80097
79017
81630
76299
94304
94922
89038
76231
84148
84636
82818
68463
93069
76886
105593
87052
93335
88303
82937
74538
94701
74365
72657
73162
87995
68344
89557
86876
74036
83550
76632
72432
85458
87713
78255
89294
76049
82395
72491
68310
70472
80479
142540
77094
114597
86735
72919
86914
100892
76973
76120
79353
82493
83029
76387
83501
79485
116617
82609
124111
80441
89559
79633
77594
83828
78666
75992
69651
102185
91729
92063
98049
105570
106322
94457
101966
156101
145437
105648
86792
83852
90606
101268
86574
86036
89108
96491
93888
88493
108361
87917
81327
88156
91805
112586
102316
106276
99883
93477
100764
87564
133620
26454
9395
14877
11885
22466
28304
13872
19889
12310
14393
12834
15967
9871
106770
122167
98000
129958
143667
107280
114514
103809
97874
88435
91195
87386
82629
97561
91246
91605
111044
92180
88519
127623
113454
106741
102120
97893
110581
123349
136421
109395
110808
87264
98338
86291
103523
88454
93814
98202
105921
97164
104876
87886
94792
105554
101485
103318
88640
96638
127173
89189
111037
105447
98401
111703
106752
97431
121449
96635
103277
108836
130974
112045
107465
106942
98519
99166
104090
99419
101853
108317
118011
105538
116731
105799
120372
88037
121186
101188
89952
87918
85282
100489
96259
89740
96913
94797
91566
86922
87302
90064
88646
88382
100196
94727
111189
102016
171343
158434
117958
104047
100159
91005
90045
88885
97342
88087
86086
86873
88207
112200
100882
108665
95535
108663
102085
101527
109447
93083
90652
99271
84830
105170
90064
97738
92559
100202
89588
84963
86982
99154
96801
93353
87901
99791
86314
87468
107538
93668
86769
118151
97095
111138
93145
84949
91877
91349
87572
92726
88606
95907
91616
117501
90460
95751
117768
103701
100622
105948
103254
103789
88702
87534
95977
99028
93156
94985
105256
94965
133158
13868
12612
12868
21104
13576
12704
12653
12487
12462
11222
14613
14974
17697
8459
154840
149580
104781
102697
89253
94754
96094
100154
109615
89592
86252
118402
115076
101590
131176
100107
94472
110756
86517
110337
98848
97649
106384
97331
109175
108939
89611
95948
103911
97362
96641
115372
100521
96559
107223
121951
86065
91393
118348
105514
95371
108068
98430
101546
99147
92725
98133
120629
104641
145933
121092
94013
115017
105951
105121
125049
100499
96604
90970
106412
97629
87694
86015
90610
86931
100712
104454
114243
89755
105481
118201
84453
91164
89275
92474
91692
98058
89216
104370
85778
89481
88988
90936
87180
92911
126937
95139
101853
112458
101357
94094
88665
88063
100019
89093
88458
107563
116879
119732
105383
95185
114358
104283
109995
82215
108581
84715
89028
87865
87876
89212
92778
89351
95298
93037
89590
116173
12547
14210
22484
9895
12952
11031
12996
10762
13157
13115
12221
12287
12527
12269
12309
90448
128506
110212
108966
111064
115652
117302
94664
100212
110161
106924
103771
101263
88103
84367
100937
100455
96268
105925
113613
110876
99858
109859
107797
113796
99871
87970
97457
89513
120472
103433
122996
132970
103844
115369
98296
98045
116200
106453
97901
86238
89538
86215
106609
85679
88710
95714
90649
87914
87540
113086
94826
101620
88393
86986
88421
129580
104817
86680
97757
100033
88957
86836
88175
93110
88098
98496
86723
135641
93051
98064
100716
86371
114773
107851
89227
152256
171422
100870
126230
102547
118496
90957
100973
90223
107360
86913
88589
88333
89590
88674
91858
88422
120917
127503
97268
116657
98240
98328
107203
99960
92365
125755
89065
111291
87567
113126
118279
89064
120061
108703
111795
110740
87246
88398
102353
89079
88912
91274
89490
95748
108920
84278
116185
85095
92124
88637
99542
95923
87508
90620
92068
89124
86533
108096
92978
102234
114260
96428
118704
103545
94027
89149
102778
112784
94509
114867
95564
123225
101140
88353
100742
103547
84784
87027
88917
88478
111880
117966
126008
99611
113027
100179
97078
110326
101042
122699
119028
97072
96781
104573
89168
99888
108017
80007
90549
75149
83487
99105
75886
74931
86781
79579
86116
78982
75616
76013
80563
81662
87927
74615
75908
84634
95047
95861
87133
87960
77950
73890
75740
75380
84848
76390
77475
76950
88771
74551
97202
99783
95638
82891
72772
79364
75551
83093
83618
76622
82803
61058
74268
91324
93658
109841
95280
100478
80370
102512
61245
80645
71206
80931
79094
75608
123027
109009
100487
86145
89058
96864
90228
92935
78826
101247
81104
99917
94577
78220
107083
76417
96009
90496
73164
59907
93957
100652
99059
107151
86990
91414
107098
93045
99605
83082
95010
74026
75605
76209
76747
76134
76219
74291
73582
73059
87418
90240
76277
77481
74450
78494
73094
91796
82751
65956
63681
53648
70031
70249
68926
46360
45971
45699
46422
44891
45748
45385
44467
44776
45540
44304
45591
45330
44582
44580
45051
44774
54856
59394
47320
59404
104089
83082
94771
77234
66808
52876
85864
65959
72803
66796
80316
81265
66395
77935
65211
86363
59644
46528
67458
46379
45289
69084
73795
95453
47211
66172
68720
46452
72306
51751
60549
47530
72840
63540
45318
66162
47802
69694
72298
47487
48369
51577
53355
57147
39512
40087
55240
50761
54889
62944
50354
42246
42746
49933
56592
52499
41192
40170
87720
70425
55790
54905
43290
41560
40918
43070
48514
53880
123328
116137
121279
161686
125773
132186
122306
137728
104406
104680
103392
109971
121061
90694
96373
94930
86473
86567
86820
124606
85532
105977
95689
103800
89021
81537
101160
99006
108587
102571
84433
106892
90353
107153
113083
134477
103942
131964
112732
120689
119663
106743
123802
214885
106422
110843
126738
99995
118928
123870
112688
99792
106680
103350
134461
118035
101459
155089
119543
112459
120002
142749
120818
114624
117037
116647
99722
107645
99349
98706
119595
113616
118251
118099
276085
262492
305639
138827
108848
107675
121972
120338
113573
123345
124374
100772
144066
14151
13328
13525
13253
12767
13874
13902
12752
13188
25896
23060
15043
15553
99170
121730
108812
106502
113021
94458
99121
95482
111093
107767
98612
98618
106114
108863
114891
134769
103662
122563
117073
107229
101271
117174
123371
144297
117473
123990
117965
104137
106081
99328
116171
114618
121410
120322
115600
122266
100697
106258
109777
119650
101166
119162
127545
112553
108743
119559
106641
118200
103266
134565
125280
124569
115020
118438
121673
116204
126660
121140
243999
214958
171809
122083
104188
100780
109364
105047
120252
113096
116635
114635
127127
109558
103861
114272
100271
103109
99392
116537
102040
99226
102826
101861
118904
138537
111251
164101
15493
10197
14757
16205
15514
21620
13404
23749
9888
23706
22973
16885
14338
138818
119910
123753
36781
11543
117999
113491
127886
125188
128297
105502
114256
102173
119934
101378
148352
104012
128676
102186
115504
105512
103833
101095
101330
118168
140584
110179
128295
104244
104617
119891
114758
129866
253264
178089
25596
17746
16649
18177
14899
11615
24036
31679
14796
13685
140307
103251
150096
168320
20247
21938
15920
178117
164126
229936
239329
326135
15540
133492
143882
133688
128723
126537
120419
114762
99221
111748
100227
102295
107640
108711
118481
130252
105721
113775
128362
102245
107239
128564
117734
108586
127083
320599
269088
112832
118584
124337
132073
134200
101357
132859
16440
27517
12660
14569
12256
15134
13534
12812
23750
13249
11972
141818
120365
101732
154711
105320
100971
177277
175377
270511
126117
103662
93946
118512
104571
97636
100184
105462
106132
132704
130179
131016
118333
107801
114387
107152
119609
92893
95826
87780
124007
105693
91846
121271
98003
128470
99125
86870
105244
106041
112653
113232
88376
89327
125254
123189
116910
99793
119524
100373
118628
91553
88273
117463
87303
103799
99840
95825
92752
129644
93713
109021
111911
125578
119601
113851
91844
94925
124455
88607
97505
87141
103892
86569
107937
101832
88755
101418
100242
94673
85392
107061
93751
99599
100395
102092
87796
88936
89045
94498
104314
98709
88561
97126
95308
87846
87877
87861
96798
93849
90479
107391
92852
90256
90512
92937
87257
93683
89432
108638
86396
97110
94850
98070
107159
88055
97097
89279
103037
82925
92317
87676
100953
109631
90577
122618
86213
90981
88115
158089
121731
14047
18015
13498
22775
12658
13137
21635
20516
12957
23061
24644
12437
21193
83219
80208
115220
110686
116753
91691
151176
181328
184002
98315
86779
96477
98444
89889
101592
105614
103455
85039
2497
1748
1425
1392
1592
1757
10365
1698
124353
2069
109630
133895
38469
107371
95703
2013
113624
2238
1946
133439
120669
2590
1776
124448
89396
100921
113646
106503
2049
95387
109850
2162
1645
119973
103239
118978
97097
101957
166397
92672
120796
3005
147575
2372
138237
122658
114603
122042
111433
113381
108925
132550
103278
2245
127494
120231
2937
153570
123440
132962
13614
113675
133181
106422
104449
108505
2495
1855
137535
103785
126565
135492
122152
131127
124737
112242
112982
106678
138078
2542
117085
103267
119933
109901
107855
101671
124694
134200
119300
107908
99896
98966
116151
124901
2320
2227
2235359
2239602
2259459
2226901
2137283
1835564
1943617
1493642
1420410
115429
94405
101496
101937
92700
114413
111895
91287
103208
96263
120605
104680
101112
28382
133729
2692
116465
129548
115073
96907
104705
107051
2668
102811
96673
93170
92610
105943
88713
110857
86977
91286
102234
101811
108427
106571
114838
118112
105997
111260
98246
95190
98612
108728
1988
109780
101529
117206
88683
87074
93495
113279
104944
105312
93907
110236
85928
89151
99101
96919
91327
87930
2280
110275
104158
131916
98729
121840
88767
107040
117735
89395
97864
91575
87082
88627
86619
91310
86410
86995
86789
92082
86769
91712
89918
94629
92963
109539
96204
104444
84521
95025
101670
106587
101776
104624
104282
102605
89571
116015
83693
85495
101773
90255
96783
100320
85570
171627
111264
115584
146825
115399
138995
116531
123923
105447
98929
2572
124640
118494
104170
104528
117283
97759
98560
102256
105931
112064
117531
134693
119599
118345
103865
106589
117793
100964
106434
99740
120911
102529
97479
111535
122824
14956
14438
13012
13513
13712
14475
14156
13315
13255
13657
13019
12819
13204
13378
97908
98478
114330
102065
100310
100158
100330
102066
95410
99045
99195
102923
98152
98858
106358
96737
155153
133512
2748
154075
118687
112747
112334
99322
172932
102307
139977
115058
122628
110703
103447
128698
248543
234636
17674
23056
24477
15670
15229
13320
22879
13771
13235
15652
15162
41253
11186
152688
143092
128710
111558
103223
99511
123115
99006
114469
127276
118991
101658
105240
113223
101134
141027
120595
160045
145080
108804
150483
115890
107409
104499
144001
282180
205360
344108
173652
161061
118312
122971
110078
127225
2715
309862
169952
193156
196064
111306
125994
101774
110814
98972
110241
99186
98842
103289
101027
108212
115862
106265
120870
113450
110291
115280
107389
156852
20899
34573
41462
23247
27845
19013
18627
18374
20290
20156
19727
3185
2762
22055
20989
16748
19777
18963
19743
18430
18908
18485
20238
19114
19921
71551
125657
119822
102825
119883
104497
97465
104951
101547
100122
116684
110737
103673
2648
103371
114123
121875
122751
115737
118111
121362
104880
100261
85868
88968
104829
86899
82864
90679
87683
103760
103579
122944
111503
104235
2474
104086
107673
116256
103096
93884
112981
104894
100214
87967
90981
102943
88094
89369
97625
86584
91229
88501
100127
104224
93688
144997
85889
102565
88232
99687
2537
113093
121203
102828
98266
97257
93062
91268
107200
108644
89893
105981
101539
88867
100460
120872
93872
88959
110637
90998
91206
94414
96782
3376
92688
87948
89377
110884
87911
106760
103041
137741
113895
99276
103276
93351
86242
99542
110122
91671
108340
87222
98685
91422
89587
89421
91016
99863
100402
99501
104401
106491
91892
125030
99995
125492
92222
89228
96251
93395
98838
111856
100040
124793
106974
93124
88658
106863
90495
122519
101751
110573
89948
103848
95580
90502
88514
96659
82806
93370
90143
89695
89825
101246
91052
90141
94521
89113
91879
109305
91778
92283
99335
104527
143227
141591
113048
91764
102257
87979
119645
124624
99122
96352
102313
90898
102712
92161
89986
91037
99425
97341
134969
111563
119802
107070
3837
117785
110109
126273
113197
103655
103904
117365
100065
103804
108003
118042
104393
127842
95763
93398
130299
96230
93752
89899
125571
110828
117837
98804
117974
95355
118519
105999
97551
114964
137366
102933
101283
181903
184523
18009
15312
35441
18480
11175
28975
15887
21397
24711
109537
103169
122788
123889
144257
150475
127643
129869
102839
110277
100159
126858
109574
114580
118869
103668
107939
128405
208655
25288
15653
15690
19327
17561
17316
152800
162607
105894
119008
113676
138338
115782
108442
103331
101160
124944
124338
121536
128470
133123
136732
391553
343938
410376
516978
644931
160915
117164
275632
265040
383148
113657
110560
108347
100371
111044
100211
98151
113027
103755
104418
109865
138797
16035
25614
11909
24021
40377
26511
10678
14827
15055
126465
105902
101747
134569
16878
168505
124528
121910
109127
102683
118345
132740
248393
216332
327175
102551
102098
99426
129260
112766
112441
98996
104256
100456
112947
127407
129235
112467
153989
14129
15452
12121
14264
13909
38427
15211
23703
23781
13665
13885
84122
132672
136973
130839
112344
125433
121380
114902
126706
114522
112997
110680
99899
109189
112742
125550
212515
187797
323470
2954
2600918
2372549
2455560
2534333
2625719
2472642
2338029
2147615
2244913
1621283
138916
115156
101914
126796
102467
101959
99380
98258
107602
110878
111719
108498
99605
109442
101913
99143
117499
130705
120029
124038
98274
99763
103020
103736
110969
97882
115243
125436
324249
220159
115080
125858
99924
98313
107684
112300
98196
98950
119903
99284
98499
114206
127053
100969
102020
131805
118265
123931
102484
101856
124026
114473
117560
120904
102721
133747
116171
102254
118357
248633
223158
124485
103390
193666
151709
14078
14468
15410
15870
14126
25783
23040
14204
14263
13966
22166
33618
35235
80513
140133
98562
150364
104542
2849
207563
22682
20039
18016
71953
2347
114518
99969
108796
112356
112290
97511
121064
107163
110689
97955
99156
130008
176508
105435
100811
96938
110314
126071
117092
110774
117347
97409
128164
104573
109649
103534
108551
97909
123679
115637
112290
134008
183154
345162
256670
323032
135755
96699
102930
115744
88126
89056
100413
112126
96566
100466
87320
93706
94871
99867
89387
97827
119899
96781
97230
113542
108365
2244
108089
94808
87923
99747
87338
89270
94312
100321
107891
90065
98711
91954
87114
97266
85873
96000
86766
87311
93695
95167
89922
95779
97156
87697
89228
86291
87709
97082
85972
88036
86301
85243
100922
97270
88363
82446
87310
94992
89864
95610
106517
91961
94387
81131
103106
107962
87125
90667
98397
88494
86597
98091
87702
89681
101800
99081
104122
106391
102488
100377
98332
90956
92479
86867
85952
87470
100594
88802
94577
96360
83890
96837
93614
90910
87964
88557
87762
90223
88508
94453
88088
87658
96108
90371
88446
88589
105259
127192
14385
12715
17230
14538
20750
13619
12316
12578
11419
11545
11654
11905
11941
25919
23789
19738
26239
19039
33428
18774
18447
17757
20346
14625
20085
24745
17860
29911
75755
101057
73574
110446
100465
88719
88817
92620
88490
102566
116900
88928
99052
90943
100870
89266
99580
89974
87175
88714
97235
97112
92111
100863
106846
102592
101208
107061
89284
94361
96608
87518
90011
104603
99916
86728
90034
96455
93600
89522
86180
88774
86454
89221
86222
87575
162719
15939
14507
17358
24836
24309
28483
16008
22876
16091
13806
13585
26479
18351
51370
33518
29207
20685
27297
20176
20196
27782
16352
19231
38307
16205
21885
20042
19486
18921
27952
19835
18909
19066
19768
18893
44467
18315
22355
20685
18027
20795
2802
20909
20496
20596
18814
22131
19782
143580
137757
114716
172369
210826
105151
101545
97543
112347
108819
112077
99156
103450
98091
102531
100621
103607
111698
99498
97720
102018
98802
99606
102051
139001
102012
98114
102489
102574
98679
99995
103595
101407
99367
102008
100449
102042
99921
99473
122268
162690
150151
14996
15548
16864
18739
13537
23392
15755
14119
27380
13638
13233
12952
12828
13291
30089
26599
19162
20738
20794
23924
19238
26290
17794
29216
22213
41471
49390
24938
29932
34900
29221
20088
18785
19998
27760
24740
20499
23913
17758
22926
18709
20095
32175
20666
22641
20262
19602
19993
15998
20997
33852
22738
112244
105380
118350
135054
19821
22557
19976
19960
19672
19636
19351
19267
19499
19452
20851
30932
30787
22221
21395
20427
19999
19786
23476
26107
26765
20593
20432
32765
27599
21200
21160
20359
19073
20481
20765
20016
20901
20350
35128
32508
71540
185429
304689
170129
30893
32570
22733
18443
19897
51700
32087
29452
18809
14536
23403
14068
26664
16672
22004
26387
19880
19919
21555
20515
19890
19689
19245
19282
20964
21067
22652
67741
20265
74702
107827
101211
101625
110937
116381
107240
108014
113326
155516
122834
36656
45583
30204
21691
19415
24898
19536
20004
22300
65629
17643
23538
29247
21882
20514
27322
18361
19417
17659
17486
17412
18005
24017
17095
16615
17792
15832
32725
23541
21646
30196
30536
85684
110084
203827
173698
22612
22693
35360
25197
22856
18510
22483
21704
21775
25814
31924
23959
20689
19391
20384
20662
20681
26414
21625
32833
18924
18701
17319
165172
40557
28024
36654
29298
31007
22768
20407
13945
24302
30781
15932
144705
106964
95070
242794
199660
136539
111024
118862
102859
92141
113785
104403
104315
115500
89683
105806
98219
114071
91756
109188
120477
85548
103441
109701
84345
119571
115035
96963
123757
108995
111220
119166
116817
96176
97122
97706
84582
101738
118968
105659
89663
88637
155186
102196
123918
2697273
2535438
2534703
2584288
2542543
2405949
1678136
1774085
1903131
119651
114738
135114
94846
95822
115107
114603
144924
107386
90693
99945
105199
89428
103808
97731
96253
92120
106965
100097
130197
112905
105910
101059
152244
128650
100018
321393
443714
248426
365740
128450
120246
108507
109130
118638
129236
101360
108933
98439
97810
97998
220313
178593
121420
285856
297968
123438
131729
100896
113314
126542
130586
108897
100902
114030
103408
98367
110469
95786
89221
88405
91068
95179
89855
101086
101781
110678
91845
88615
113176
115134
112568
114794
91852
98853
103086
87525
116082
98760
101740
100004
119686
94452
90455
101878
89917
91258
87855
112014
101471
87381
102548
88198
104161
99272
97405
92119
88063
88911
89652
97693
99074
89627
90080
106894
88393
88194
96417
122168
113477
101301
110904
95958
102454
100725
107057
89664
101156
98650
102449
92449
85241
88034
115717
106766
138597
118076
106509
135771
119251
94946
89555
132736
98138
85857
88823
91123
87495
87150
94556
98296
87226
84104
100642
101045
89923
123376
109808
85699
89544
87566
95383
91933
95278
86749
118603
231884
202594
309395
110500
90038
94842
116178
96416
101402
84170
94409
94471
88185
122551
111643
100127
115717
118138
101322
114080
119151
87514
108083
107024
107495
91550
99008
98022
100085
98834
129246
232306
234191
321464
425842
104138
115030
93123
100924
108373
91204
98503
103485
85075
104449
136117
223299
187903
102590
100160
111763
124412
106755
106571
89581
85329
99718
100998
104223
127033
107646
115153
113648
95910
104906
94218
102255
96909
97901
108347
101271
93567
88791
87825
91597
133685
95863
124710
98393
101990
86945
105400
91970
97836
92890
118639
116616
106444
127329
111084
137900
107281
126791
91493
100196
117901
92970
87487
96802
102750
87452
98177
94356
92991
85248
132069
121219
105611
101897
111718
110371
105623
88338
84867
96464
93511
93478
107472
120485
119527
102971
105441
100332
91035
149274
23131
28234
13385
12749
11815
26815
21657
12926
12521
21947
14477
8775
88925
93459
113609
123146
100307
143964
113096
94860
91344
104096
109430
98408
162991
118222
209047
163617
255649
101801
98005
108806
88909
110880
95357
132782
490270
432876
501383
560515
140440
116612
99368
240759
223579
106536
100637
110330
100467
119584
118406
101434
109499
96105
101737
124548
101542
87285
98497
88888
98264
107304
121855
99113
88172
89837
89098
87451
89065
93559
151200
13732
22303
12787
13040
15272
12452
11701
11351
11795
12303
11897
12345
12256
10244
12941
22719
29045
45987
19101
18952
25144
22010
27589
91741
94636
100565
100477
108690
127348
107368
129455
103163
99566
89434
85328
101371
98393
91981
91032
89715
89171
87984
88246
87344
115372
110900
117270
214780
194957
90102
102262
96302
96837
90824
95261
89549
93530
84286
94110
100955
92311
103203
94271
88636
107695
88863
87823
89721
87396
99760
102565
89325
89667
90698
86620
97940
99523
87987
116534
96301
122847
207865
196808
89477
99309
87358
86555
86994
108882
90526
87564
89438
89001
87102
90119
88068
87438
116675
88260
93318
107110
90322
121181
90591
99228
112643
94920
117686
99452
87259
88961
89846
88041
92163
87184
108712
96846
86379
87772
89873
89264
87431
87138
87514
101245
92403
88635
111357
123380
96251
109491
137266
13375
13360
22047
14161
12905
12378
11522
12210
14875
8186
13418
20344
20992
34858
30954
18844
17864
17260
17898
14225
17340
25450
19790
17551
17527
15115
16309
35862
14472
18414
16813
16799
16536
16091
16049
24898
23680
19916
80552
110443
105062
90604
93626
99453
89702
88991
87398
91462
87520
88895
86533
94622
106127
86398
91593
87240
95335
108145
96250
85724
105793
86688
96224
96743
93009
102933
98083
107838
93148
101794
97706
264580
212835
119626
120776
136467
90564
92258
88962
89243
90202
88067
103039
93061
86926
88505
87073
98973
90913
88888
88825
102517
112073
121711
124936
90272
90175
99719
91341
92007
92593
99336
98368
113273
113431
131966
103065
106848
90276
100272
94273
96201
99756
89544
88641
96759
88779
89182
88995
104756
91591
100915
96126
98468
96172
86957
88562
97061
87784
107468
106838
93216
88451
87842
91631
94602
88244
100602
91281
105457
88686
88924
90769
92252
91751
103791
113940
131221
85773
90023
96579
100758
95745
98057
89545
90702
163324
172873
176812
24582
15284
24143
15628
15434
14466
23599
21942
15965
13304
27004
118216
105716
135672
118048
95666
584904
449947
606455
322125
241566
253978
115649
100092
101477
104639
99360
117511
149741
110359
142404
125218
308747
292845
324880
429142
126507
113435
102397
111728
98392
120843
111999
100574
105800
145535
21416
21834
21025
19284
20251
20242
21260
21774
16231
20539
20030
35204
74304
78739
124779
120102
125785
114040
121462
102559
106707
95513
92137
86950
90400
98952
88921
89602
87639
95903
93083
92552
87962
109140
89913
87624
99070
91595
88818
100599
100745
86157
89364
94293
112169
92284
91563
87815
95499
124094
115224
169959
167119
112590
13522
13229
13425
13005
12546
12108
12274
12054
12388
12189
12184
11330
22163
25163
24688
23921
46291
27309
25832
18875
26849
18594
26640
20619
31248
29504
23157
20037
25665
18049
18035
50603
16413
20233
28427
27304
59905
26391
21329
50104
25854
21700
74614
107007
102636
88333
92264
104521
91915
91536
105032
98782
111766
113876
102215
118158
99052
110227
89551
96096
92224
88838
108129
93252
99973
122619
12990
23635
13140
13643
21478
22622
16215
8494
10151
15005
9447
16253
45157
28798
28885
21939
14574
19474
42831
32063
17415
27837
18336
28270
17383
17157
38016
19927
21868
56461
35054
19212
19698
26664
103166
92581
89382
91335
89125
94042
105304
106976
92440
101514
94598
115774
103907
104692
108369
101303
99161
102505
100930
98901
116758
89334
97340
95278
98807
116521
120750
103228
96576
112485
85185
118682
103851
102468
88573
102045
89885
133042
97257
102256
112075
89045
101644
113913
96807
105737
96165
89358
89551
88269
114795
88300
97880
92523
100202
88128
88776
91887
95761
93179
93140
91222
97771
87579
88801
100333
94910
88911
110180
99492
87950
90967
101360
117072
100710
89405
114293
89679
107505
100250
95879
125684
127336
107377
96389
111223
108979
91942
101794
105238
98894
102401
111794
122360
126536
108520
100053
97960
98542
90320
91726
90971
104035
89574
112630
131521
102897
87021
98319
103535
103534
85326
94932
91935
101952
96232
99030
140937
12572
13021
19928
12559
21571
27700
12721
26617
11376
13499
21495
16282
35340
18897
18009
17548
17179
16268
24417
17549
16617
51340
124949
92227
88775
94223
91112
92157
87336
107271
91354
91130
103158
89219
95181
87862
98393
98318
89993
95658
88396
91744
87242
106488
108988
147154
208339
195079
281563
26567
31726
35688
28905
17278
16787
16822
27723
29100
28350
17998
26231
26720
18842
52079
88515
100432
87607
90293
88658
89579
88666
104939
98145
64604
49488
109762
104325
99492
95799
87690
106244
103274
87758
88679
104737
90912
106525
98197
91976
119036
88353
92756
91293
89263
102484
156960
15112
19054
14678
8766
20613
14905
12713
12138
23923
25470
30647
17275
17020
20810
27924
36260
18116
17363
16934
15203
17428
16900
17571
17192
17053
16755
17596
16878
16184
19675
13781
17183
25097
22996
27927
3105
23208
18877
17750
32671
42242
18613
29882
21963
18699
17143
19602
26405
15696
25631
24005
74577
121997
17545
16489
17355
16733
35076
20049
33362
24995
20375
25597
18193
17401
17042
16562
15923
17469
17468
16289
17350
18643
13780
29103
31825
27458
26073
28216
18174
17799
16520
15606
17622
18272
25043
60708
73095
51878
112411
90462
92839
103827
110571
97078
89167
96343
108043
88910
94715
88575
87793
100942
99572
98322
96573
96499
84201
89889
88024
89677
94420
82436
100407
138410
12166
11706
11122
10895
11555
11794
12161
11539
11575
12612
14151
11931
12310
38326
12285
14006
13263
21872
14606
24894
14312
28791
22844
15370
19373
17497
17198
27887
16760
15459
24277
17530
16849
24538
17977
29270
20284
25068
25185
16797
17090
16686
2620
42846
18317
19137
25240
19073
27594
14677
19370
17083
16882
18391
16788
16199
16009
17488
21887
17904
17049
27503
16896
22663
16010
19950
52722
114285
89623
91489
88738
100175
89566
87343
86266
86028
87537
86663
86060
102498
88219
95562
85980
86177
92314
96942
101924
88005
107092
95014
111515
87289
123974
92626
95345
113885
100724
95249
102164
106125
228777
203918
362507
167820
13489
12193
18899
14579
13298
11923
11978
20943
9291
12903
19465
9637
17034
25356
23070
33321
17331
16514
16822
15430
16249
17786
16574
15908
24891
18636
14132
17441
29961
20738
14750
32965
25764
24219
26302
26078
21661
17938
30768
36673
32870
123104
1538006
1237723
1236607
108481
1539111
118031
127449
2885938
290327
348134
478210
581585
679561
107999
100772
99213
97041
84218
85717
87342
86876
99025
101264
89337
86116
100324
101890
105322
130600
98396
91150
106621
97404
93261
99100
90199
228485
225341
325932
122230
104112
166192
164891
91604
107485
98325
116743
171819
106090
127599
88291
145727
20679
14509
17003
14313
9643
12520
12812
12630
8175
12256
12561
14578
12862
21252
13054
25514
22984
21607
16562
17182
17450
16202
30679
33443
26081
27051
19836
24641
22418
18021
17964
27554
17606
19822
31704
19313
99178
119218
91278
89173
88319
97357
88590
89465
87862
87939
98929
112105
87591
122319
89821
106332
303997
268380
316414
19987
18749
26290
18123
18166
17046
16506
17069
31922
24746
16985
18544
17601
25119
17934
17378
17209
16693
18122
14106
19094
17043
17388
84870
68021
51940
89479
91963
92938
70233
68791
94715
124009
97172
99260
97957
88542
87596
90144
88362
87001
101624
88972
98389
88745
89088
93576
91604
88448
88216
90438
89439
86095
91511
87679
119368
87144
97409
97521
120740
110860
97660
86279
94348
101516
89264
83519
96953
89724
87535
100651
87356
87540
94192
90550
92209
88288
89025
87562
88563
89852
87288
89274
89193
110404
105750
95352
92768
97960
99851
102291
97632
88878
90480
99830
89579
88621
90141
87066
103886
91816
89910
110393
109538
152452
25624
29791
11080
11096
15199
30377
15616
18052
14273
13792
13889
29149
29542
27794
25200
34601
24467
27664
35710
23868
23526
22763
18400
22853
20990
45428
30220
18563
22979
18094
29675
83860
73951
113319
102731
700423
684071
783988
882881
1018413
1138830
1207634
1300511
1324246
1552138
343400
401244
95360
81340
108730
110032
113423
121723
106240
111489
117426
114917
140052
236617
213496
116510
116922
133216
145274
114790
196052
175399
115057
109649
119883
98800
100780
98984
110079
105150
100995
101500
116026
107987
105769
107016
110697
100009
108999
125489
108298
136432
99676
113715
16247
15153
15342
14904
13982
13413
13441
12970
16164
14928
13889
14485
31906
24693
24486
30499
21649
19902
23146
22958
17773
20728
25910
26577
15858
20661
16025
18188
17848
18862
14473
39030
16217
23708
17382
30910
26581
18316
18887
14168
16575
27561
15556
19926
23179
18109
26823
63824
50373
69300
67822
68560
100675
73033
108634
87392
94955
89979
93094
87738
102317
143963
102801
120646
107680
109985
93781
103906
107726
114180
108265
96822
104843
111824
110371
105718
104821
92217
119451
95570
84407
98539
90072
88005
95198
89023
86945
96214
96561
95270
89237
97799
87451
94221
135305
106562
110284
163608
156328
11950
16511
13692
22940
11957
16652
20903
8409
25668
14230
13133
24535
22252
22294
16353
16634
30617
14273
27912
16016
26112
14399
24867
26552
20108
16919
26770
20963
20516
27506
25637
35480
14796
29483
60016
74701
51276
54608
48129
47207
65806
46726
46391
57883
46218
85017
46087
63145
59412
56877
54284
54475
48310
74512
53188
75735
54820
46668
51140
75204
44888
76585
47227
48676
56512
54284
47272
59612
72483
76340
78404
46318
53448
72892
77022
47074
79593
101816
49298
80451
53573
73347
50142
72162
62934
44830
68115
45245
53838
55744
44342
68430
62257
51989
65624
56863
41320
51632
72198
57247
128294
94644
99779
92590
100773
82791
89196
98321
97895
87973
87162
105524
86205
113207
114808
151752
121805
14823
11489
13454
12928
30197
9284
20728
20491
19612
12583
19700
63068
10317
108506
107803
110089
94715
99277
91881
103248
