9662
4020
3248
3887
3239
577997
357727
426447
531137
633935
3958
3693
147944
3755
104106
95851
102482
102304
5532
2545
106407
119330
4336
91275
89942
3576
3453
5549
4467
99638
107766
3481
88801
3808
2952
3748
112567
83459
81539
90442
96745
76671
87543
3335
100051
104783
85953
3841
91079
101205
75283
90671
81337
116184
83408
108932
115840
3633
102871
90115
118692
99876
94303
97864
3395
81012
3237
85485
129499
113160
106119
118122
95737
93437
97067
3514
101776
15462
111469
80432
104778
91159
84147
5167
100671
81195
100916
84043
101768
82390
86088
84290
76836
90542
87164
81253
83728
107549
75474
75657
74457
78861
80754
79331
86797
80572
3796
110604
91251
76822
78636
83767
3276
96673
80023
75025
82632
90424
92368
107453
83904
74797
101273
161024
145504
24460
30754
15165
16145
22419
8941
28409
14258
12016
19389
79955
77592
87471
81476
75158
3194
85311
78987
158208
116739
122067
4207
149948
3710
99667
96543
104831
114215
100144
110043
101059
91502
87557
121386
93131
171083
162519
18800
24125
14482
10165
17829
16232
23606
16976
15903
9843
15320
18744
129691
104856
122493
110550
224526
213923
3843
120731
3015
133891
89411
91547
88231
88433
108753
86825
114993
98276
105823
122563
110189
100466
99789
108930
90331
91663
86991
97726
90241
87680
87356
92493
83709
97909
88356
86640
87616
86135
87551
85752
98700
88001
87379
3126
89232
88328
87030
86557
84139
87167
103532
96881
119109
128527
93127
102526
104951
93083
99425
89672
87602
103701
108273
106387
125742
106279
87872
108441
105551
105697
89601
101195
95678
101617
83039
109374
106380
98335
86755
86127
97743
89045
87486
86533
96377
91207
88402
86740
106180
85660
86073
87211
105177
88533
90532
122122
91285
86451
86552
115079
89231
105933
87785
144324
98797
151013
107691
108779
113853
84295
129825
89468
101517
96100
122522
122109
92711
97706
104325
87510
118502
90800
115692
96850
118989
107888
139347
92512
115787
131575
141747
102900
96780
101070
131851
83894
99384
103458
87689
3361
117777
100383
108351
83920
87050
87626
106851
104341
84297
100488
3435
93244
92747
101889
86296
113104
3533
89029
99211
98602
87172
3250
86600
89146
78282
93384
78445
77251
75215
81824
76307
77895
82476
77982
74499
80222
112968
93170
86474
91884
90827
102921
75956
112566
76620
104035
109128
15820
94567
97944
76206
79396
78363
82288
78369
74192
73926
76346
82306
77020
116100
78381
92763
76812
74540
77272
80070
89235
82257
75848
74734
79381
75546
86478
121599
96193
104611
88049
108846
86340
98017
95758
89054
89412
77802
84694
91189
82407
93656
89268
90270
84709
86887
77015
102558
77753
80071
77373
78264
74100
95901
94164
85926
83344
76233
83115
96303
84935
77779
77326
77439
85736
83949
75754
76617
90844
78281
72918
74973
76094
75131
81021
79615
79216
89865
63690
72909
74822
97180
96433
87552
78865
83888
79498
77521
84386
102673
107547
105971
87133
94509
80738
76175
74751
78478
105619
83782
3993
85157
80161
79155
74858
91307
76998
80682
90434
76520
95195
104583
95323
102297
95869
77016
92114
80411
76641
87075
78611
76694
78862
75481
99287
93582
88284
104318
112045
91726
75766
75265
82461
78041
78286
78262
74870
94034
77068
102312
83850
91985
88165
81749
78223
84758
76418
93094
84838
77453
76235
74539
80273
99714
77752
78819
3151
81414
96663
82125
91125
110477
92751
99687
62729
77405
90795
81053
114586
118413
82725
98301
76136
77205
76652
92828
79374
85402
81740
75355
76557
82669
79370
80555
78296
76425
78610
77981
77455
80824
78024
74694
84862
74679
77152
80340
93660
101650
109616
95423
76159
89559
76612
93189
75682
102647
85870
75892
84515
94881
80312
77551
85053
81385
105886
76949
95834
86556
76964
84461
115122
92957
107467
136206
161385
162326
16500
19519
3512
26856
13158
18650
20142
24746
32407
122694
108005
120729
115240
90274
111925
119820
92132
103476
110129
85060
84396
94983
94368
80199
80280
83422
117358
82686
79806
77455
76781
80384
78764
78947
75990
78845
75250
78249
76792
77024
76239
75121
83807
77907
104161
79187
98158
94297
99292
77092
83086
81106
80184
78676
88169
74261
127049
75804
118496
80983
89834
104094
104334
94200
83599
82934
100543
90041
75717
92621
98378
112712
78887
99519
95758
128394
115798
104631
92011
89430
89195
115119
104713
98264
120515
115264
90071
89982
89591
109478
153029
107980
112051
92322
107442
101485
100983
122635
79455
102427
77948
79098
97605
77731
81655
84362
81023
92769
77779
88365
82232
81419
79639
84521
78447
78995
114478
83190
149240
108638
112101
123093
120215
103212
98868
108928
80842
109520
91506
113748
100520
114990
117091
83605
3873
103065
127141
105824
109915
81839
99370
87537
102054
98796
83989
341514
338106
364904
474478
562777
104563
164746
114421
95481
112776
91831
85033
120019
99564
101645
107102
112576
99965
99382
89663
91984
97611
90010
96561
90224
87618
96147
107559
95850
118324
107688
287919
264874
369357
158287
13902
17166
20346
14515
15595
14917
13568
14153
13427
13201
13213
13102
17249
10049
94460
86213
103044
88066
103687
118410
86031
86763
87450
87798
123174
104919
102108
104031
118929
121287
114934
104033
112480
102494
116774
112787
113725
109743
99200
101183
99236
111440
119136
103791
106786
146456
156427
100312
118670
111203
150954
128430
165158
131961
144737
265198
285932
348098
109671
100761
118485
124699
128264
21856
19071
40267
29025
20566
24797
17104
31770
17569
34822
26537
135453
117664
120157
107102
105044
132835
101315
99522
115663
102709
129846
113882
103075
116739
100162
115421
102015
101953
108584
98525
99510
124594
106534
104541
98374
121036
112431
175243
127966
114264
97185
104481
89457
95961
101149
98196
90920
114798
102800
102251
106172
104134
102514
131303
103455
101618
122738
112094
108183
111769
115770
119854
113770
112156
116034
113933
104370
100821
120551
123372
132553
132414
122873
136100
110022
108822
110778
120828
101432
109351
112986
115521
97515
102632
99490
105206
143303
28271
12543
24449
26574
14318
25990
20810
14217
13357
15052
23368
12560
46273
37626
42574
18228
24747
26427
22843
20261
21856
20054
19453
19079
20190
19221
19214
19077
19809
19917
28743
76593
68434
19785
101709
100035
356584
342870
390990
127259
262137
232127
343641
123942
127811
102701
110423
99494
102771
100893
116197
112062
100600
139972
155697
101367
125918
109327
194157
199586
114381
110419
128166
101800
110923
99604
100805
110026
114146
111419
99490
105846
121538
105987
126759
329505
271233
332529
174434
187965
118689
107615
101759
145578
110278
107650
157613
25255
11949
26471
25616
15741
14877
14216
24208
12694
13142
25461
22493
26742
23694
19887
20324
18927
18864
18378
17070
17898
34649
25897
18208
25613
18514
18009
17130
16561
17476
21071
44965
17707
23780
16216
24510
64676
78451
110745
117051
95390
113210
104820
108788
95929
107259
103779
162981
114022
148025
45978
31170
55734
18212
24340
42316
36802
25146
17757
41562
37316
38545
18666
21740
19376
21907
20045
46528
119874
135957
423273
523055
594784
645812
479731
508368
95287
116026
114590
115369
108277
112673
101169
152471
22139
34619
19438
17563
30514
47034
21388
24682
29555
25024
18797
19342
27540
27848
37304
28340
178032
188887
73456
72639
86398
72600
52045
71392
49473
100209
117187
92920
87155
280221
299888
265191
110017
216584
19823
19784
19128
3283
19272
17225
26506
16004
18217
17425
17281
26757
19080
17844
16317
18083
17519
60456
24555
39062
51331
38411
39732
33483
99187
127518
150577
26465
31128
49079
22418
22338
36447
24837
20499
18973
19508
19663
20314
51224
84356
139884
19519
19227
19610
18420
31839
32083
39096
23095
71636
137196
111014
87959
97041
91321
113854
101368
88212
92020
101392
90163
100060
119190
155808
23588
30913
30549
50420
23208
32507
19490
18663
33092
32783
20679
19663
20533
37003
21025
23766
65517
112226
98291
89183
124730
87114
116988
102250
90238
88841
88871
108516
85203
3414
90399
94977
89453
105821
91589
120291
104199
115044
114171
93638
114981
91461
96364
88658
88882
90425
93898
106581
110035
100962
125693
111085
118007
89777
112024
127839
113818
105086
111856
117024
111935
109416
106438
177333
156255
15063
14812
15787
15433
13388
14254
14680
11092
18203
16660
31048
19308
15790
23435
25752
34035
41937
23186
22218
19924
19397
18640
18879
19489
23725
30493
111686
108334
157691
90285
91722
109854
101343
88553
88296
114438
99141
109778
89008
115775
103255
89185
118638
99489
143019
100638
95101
104204
113823
95527
113290
85300
104550
105817
106370
101493
103843
89307
87786
87758
112008
102496
114219
121605
108179
109085
106367
88735
86423
89203
88610
86841
91578
89317
106012
90318
106993
102286
91137
88719
90379
88107
93317
87691
86501
86476
86423
90486
103905
96459
116413
120202
88592
94722
97945
96507
87127
94319
94684
106242
103407
92471
96400
95817
113629
124141
125585
142328
104241
148041
115534
134979
302857
227385
18633
24982
19632
22328
23480
32764
26355
15347
13855
128483
125773
99956
92866
104608
88723
96259
99905
113131
88696
104717
89622
87386
88120
87043
96822
115252
86924
88680
104977
100588
107060
119100
109669
97747
89208
104272
99776
116748
87726
99418
92638
84500
112881
98969
109330
99291
89568
88195
88051
85850
89268
99627
107972
123596
23529
17744
11852
11942
22052
16797
24256
14880
13887
13247
16654
12157
153382
118672
201057
114389
103656
96623
110901
101181
105874
88318
101795
15415
87796
88702
93736
88375
106485
12805
12684
12597
11352
14646
11693
12021
12989
11350
11113
14485
9689
11829
12428
12314
12612
70990
79757
76502
77493
90557
81056
77634
108783
76954
81658
87436
88304
79901
78946
75715
86473
80769
77011
125397
106166
87263
88002
94253
78386
83336
94868
80777
78397
86192
88563
100335
91696
88839
78448
78511
76150
76247
77968
77758
78372
89626
79651
74551
80585
80003
76556
81879
74841
97335
102423
94661
85735
78935
77371
101889
101038
92217
118047
89548
94062
90089
95520
121522
84308
76446
86219
83129
106997
83027
78682
122673
104773
102687
88286
111245
111615
112015
88445
111482
108948
127866
105950
119306
102023
116450
98801
103991
104052
99050
133216
125086
117771
107049
116119
125222
111080
96077
123900
106406
108227
100383
117507
105281
90159
86385
109189
85616
104082
108769
125864
114622
117378
95654
115821
111658
102377
98243
89257
121867
91523
90177
103815
106098
129183
95573
108328
96443
110259
88161
102084
101697
87950
102724
92705
114925
158338
160234
97370
120265
109624
98926
96002
104795
110277
88142
88710
93688
112278
105056
99839
93716
95273
92886
89761
102725
108856
157814
13499
13300
11680
23818
13155
18650
14117
13265
12531
14375
21085
12578
11562
11470
90666
115111
104913
99793
123422
93333
85517
84971
106200
96926
116702
104669
109082
101239
97190
108088
100419
104147
104648
99221
92491
102603
102542
109225
98021
191893
97048
100146
117350
104194
110588
92713
89783
88580
89471
88679
118720
104654
101859
116046
104778
124286
18636
59452
68612
50739
51447
70942
87916
71180
68513
88113
93274
101391
91869
90047
90848
103125
94458
83722
115638
122829
111667
107134
115786
108499
98897
103156
144805
18587
19189
20783
31765
21499
26645
22684
90504
82182
122844
121736
113348
102642
91050
85281
88887
103648
86129
96831
110141
101404
92934
102599
89370
95404
87602
87560
92877
86173
96057
121152
89090
100639
90485
87368
117815
126195
340691
321870
430069
425143
112318
117338
98824
112887
90006
102133
93994
102412
104359
97648
93831
98342
97027
120084
169784
125819
18520
12378
12827
12458
12648
13421
8621
12627
13223
9635
22742
29676
25949
36709
18933
25129
18782
17916
18885
18032
16539
17765
33242
24931
39764
31135
41426
15450
17597
35033
19220
19835
14228
18669
20014
14481
29971
16498
68088
145657
70680
93406
99181
92362
101765
97175
98529
86714
103286
96497
113014
92510
100781
92410
94681
108669
88263
99571
86032
89808
89419
3715
292659
179450
109441
112937
91737
106411
112320
118736
104964
108200
91639
102376
100593
98226
89084
93189
85971
90265
93080
97637
122869
12490
11989
12974
15851
13028
11941
12744
9162
12705
11499
14161
10624
12463
10976
12119
10773
12626
12004
28038
23784
16439
18282
16926
16136
19249
15319
17143
21691
26864
13998
17043
18830
17976
17596
30019
18628
18420
29437
22429
14108
20236
27028
19449
18872
20848
50012
32676
21105
24102
14558
26480
22002
25614
41786
243582
217895
110673
51649
123401
92133
112536
95606
90816
93171
111277
85938
91693
97523
93231
78309
87912
86935
153245
16256
13227
21579
14189
12882
13750
12261
21007
14126
13027
32373
34191
13736
27025
25096
17997
19335
26835
18435
19351
17272
37346
15768
26223
17612
18109
16908
18035
16474
17938
14578
17506
18400
15873
21107
30138
25655
26734
18949
18251
20300
14112
31144
83082
76364
97768
93625
62586
84872
81409
91610
80144
73023
106896
77807
97110
102046
97924
121559
99082
100802
80674
87585
78756
94411
89790
84646
95955
79068
94660
78053
77460
96787
113639
97257
93944
100058
78643
100114
86304
87189
93526
78736
75381
76554
103733
63191
102658
100902
103337
83390
104004
86699
86850
79288
97038
92318
96778
90907
89771
78638
76123
77841
102443
92869
96627
92405
86370
83117
81413
87068
84923
87537
97443
99284
80842
97640
64253
89030
78675
86993
88319
76342
77240
74733
75265
75575
77497
75081
88039
92729
74718
78445
80084
108332
97336
79819
88926
87056
84658
80962
74558
102831
86209
77522
111445
98521
85077
94183
79500
100120
87954
84179
81712
78842
81948
83154
78986
82171
79621
85435
80381
76604
75033
84621
87609
93793
92016
75747
95072
96891
127630
77641
79899
83750
93556
78427
83396
81864
89881
76128
106104
73156
90956
101797
91406
108243
84762
76246
91654
78865
94300
96655
89192
95820
87316
114990
79253
80427
97714
90652
76885
74522
93668
89619
93098
99409
90479
112360
81241
94860
86994
81064
75799
77511
82316
77109
75275
73935
74745
77452
75876
90605
90545
80295
84553
77461
75083
80361
75643
75210
75600
81846
74979
82531
73840
92138
90259
76820
98853
85959
93585
86462
79346
79418
80360
76824
77291
76830
74377
74637
74841
74963
76863
76367
80451
80228
78423
78497
77162
77164
77919
83985
79857
77173
81858
92749
103298
96394
85282
76979
74821
92866
89613
83845
74477
74847
76001
62407
81466
75808
91785
102462
84104
123095
81746
81516
101228
75431
97310
88919
207223
186189
26600
3340
23779
14908
16021
10270
23790
14711
12951
22553
90027
95778
92063
110023
114990
123138
108914
101900
100060
110135
89187
93863
89593
88243
89231
105291
104445
89830
117166
112577
106944
105488
123584
91487
90478
88859
100728
88938
89211
90412
139325
113232
109665
113048
99276
102226
101068
88266
91763
89196
101150
110902
93010
113940
96973
88581
103274
90785
90449
88740
107154
93148
99016
86551
103802
98132
85148
98008
79618
63201
84928
77251
115245
99474
86021
75763
79038
83288
74488
77804
76017
83807
78059
82417
96190
79539
83860
82083
89582
104384
141925
88511
108013
98298
100958
112955
92526
99314
98988
100314
92652
98591
92496
112139
89390
91973
78398
78975
79288
77423
75346
79720
79250
75885
79740
79479
78819
82368
77759
102173
77391
101132
78294
90372
96143
84499
99763
86274
88717
221570
170173
63730
83657
104800
89078
91288
105798
85614
187351
23128
15644
13976
13050
12959
12107
11378
11417
11583
11917
23266
20240
9787
20043
85970
132381
97378
97220
93713
106422
88655
134232
97349
104070
90362
107294
89997
107388
105304
117011
115132
105940
97415
112317
89563
86209
92546
105920
102150
113816
95640
99341
88817
95654
89976
86104
105812
97281
102695
128168
90467
117219
87251
124052
92596
118606
95221
100967
92149
90307
89181
88835
92577
89708
100712
97212
107100
101483
102027
93574
104950
101122
90615
106141
98446
94888
120036
108181
113922
109423
104860
124740
107228
123454
98758
116064
120213
126964
92861
102726
102362
86889
88837
86166
86337
103030
89594
98989
96120
91969
88037
83643
95463
93630
101383
100996
99549
92586
88685
100220
100157
109726
109552
115163
125736
107418
107341
101614
127353
126316
96176
104683
95259
115705
112358
89687
93060
91815
113464
98894
121162
106862
98556
97124
90262
89299
93910
103125
105731
116660
103360
104871
110207
89229
87461
108100
103140
87835
106542
105949
117380
107379
94769
89308
92271
95525
93419
89939
84604
81602
89566
87415
89451
88978
85562
103723
91088
89884
88703
76764
62235
73628
107278
93698
112626
93294
88211
89289
88825
85060
111515
103069
102575
105875
213984
194455
12981
19096
11553
13865
8986
13697
9395
20063
15250
14231
12412
20438
14214
14907
97691
162904
115703
113990
111641
102703
118481
126251
99701
97628
103466
87813
91351
101757
91779
101146
121898
13978
12860
12194
22244
14062
21594
13312
16249
13077
21573
12992
12758
101431
124282
86959
193036
158485
242023
99712
88144
103739
107732
88119
139320
91472
210420
142388
185738
145439
51869
76650
110982
103656
115361
139539
89330
90720
116478
107722
95421
100087
105400
77940
89375
95769
94525
76096
103196
89602
77883
90773
106737
88433
77104
79051
112031
92347
92449
100668
87814
78352
77101
100916
92952
105188
87134
173739
169052
251317
101197
97098
86970
82452
78946
84945
85587
77852
87832
91461
77253
107196
87039
94359
75937
89778
76105
76882
88681
84487
72931
77442
82245
76710
97126
83154
106402
91983
89989
95169
78470
101269
88298
79314
76974
76377
77539
75941
78107
78856
81869
98137
80354
85225
80942
99492
90744
62172
75525
96328
88966
78181
119505
89441
84265
103874
87188
82301
76665
74825
74886
83119
90784
103008
85199
77186
82217
76268
81569
73489
80836
91859
92985
87015
87591
75055
80997
87918
74906
93230
81215
95083
77510
101595
78605
76103
75281
83368
63050
76003
78489
77297
90006
95918
103797
86663
92214
79108
85609
80485
75743
87438
88323
80594
77700
100885
79555
125645
105586
89026
82212
75296
76344
74742
74754
75302
74736
75247
62805
88824
77984
76578
76304
75772
75066
77057
75647
76083
74922
74833
74884
81186
79257
74665
75697
96646
73739
88094
91263
98561
99779
98877
77148
105922
84088
87233
81043
89729
86413
81071
78017
75624
95055
95887
106334
84888
82685
77795
76127
75762
80071
88610
86411
76737
75735
79241
77540
74460
77076
83149
108819
104179
94746
91678
78137
98064
96097
100315
103777
87116
81293
116958
86742
80000
89919
76672
82846
63315
241252
171290
236785
13475
12375
13133
21455
15551
11357
19100
14997
20221
15007
12644
13144
116317
88949
101955
78434
76117
79179
88198
89656
99771
86630
100337
97626
86542
76544
85108
88091
79498
117423
76280
122498
77898
84774
94891
76688
87900
78496
88885
84212
106071
15488
10940
22904
20673
15108
22338
16894
21580
19216
14606
33273
71119
94838
82770
80300
78542
81006
78458
79857
86568
75398
79110
77695
79503
73799
78886
76118
78099
62331
75922
79934
75334
75606
73349
81781
78524
80271
79177
79534
77458
78657
84475
93921
228805
160080
224275
84782
85964
98905
106240
120550
91897
88494
90946
76632
81825
87172
86652
87047
78247
78847
77142
87064
74030
77821
82082
77785
85781
78423
126790
87068
105482
88956
110169
109508
90374
100590
100357
128068
98388
89492
103488
165109
15954
13793
13984
22510
14545
13398
13038
13011
13149
27619
19793
27489
18527
27783
21889
17947
19047
17957
100378
90796
91621
91339
100159
90609
92275
91217
96696
101586
92018
89210
91273
94624
120112
131631
115121
91560
95810
113657
126154
92771
108481
100140
104569
87532
97345
93263
94435
93159
99261
122389
113943
100412
107408
91952
93072
93265
92843
90964
108409
99237
94064
92645
101860
121557
108083
104817
92235
93569
91314
93801
95166
92269
94777
108002
91758
109249
106945
98238
98945
92834
87173
92762
115029
84857
107393
99634
89199
91187
93905
87348
92080
94218
89584
96302
90064
89859
89834
104000
229303
20983
16557
14155
14097
12766
13526
26999
15811
16435
24363
15150
13758
26273
36538
32958
21468
19386
19033
31082
18131
19854
28376
20793
20954
18474
18716
18632
17758
18765
17293
18290
17867
17980
17288
17393
17333
17619
17132
17052
18073
51935
64891
106946
95197
103089
124730
91097
132262
125127
103560
88744
270500
272743
391594
118256
17579
16965
19570
25922
18651
20149
39810
15181
32156
38535
40112
19546
22852
22722
13949
31808
72106
95390
100302
99446
96595
93290
99173
140694
20328
18432
18046
13714
40752
26028
19935
18074
17409
17814
17637
34982
28616
20098
106219
118048
104063
143603
126439
99630
90167
97108
92797
92472
88127
91236
96373
104784
110392
71493
110896
112660
89494
90217
91957
100449
101880
97458
98542
102402
117778
115744
357788
499198
542933
606973
721300
609323
658821
110406
99467
121202
94897
91678
119271
108168
95991
110231
109668
104586
112704
99270
88915
117874
108825
99309
104572
89652
94211
98771
110681
87202
106022
89915
91664
94596
89589
88957
91174
99121
99099
86475
99525
102130
96200
89728
80042
94479
75621
74488
89094
76837
84511
78106
77460
80230
75208
79566
75804
78109
87829
79679
83108
77798
73615
95852
86748
76174
88979
94143
76803
77446
89289
107168
76369
76905
92643
92435
78300
82364
79972
77959
81929
91238
86836
99816
105352
97022
100982
93080
91134
91069
103672
96992
77172
88171
92089
87251
88607
86955
94088
78823
78380
112530
88281
100616
89138
88797
102524
118957
101121
99232
102047
154609
90220
101516
88900
88991
105490
100846
111047
104097
114016
93419
94217
88997
107596
107485
110172
107258
128324
103035
95245
99542
89699
133472
128104
95617
134873
255135
206013
102981
118320
112296
91326
100441
108987
91367
117548
97216
101261
93177
92567
91524
106542
96377
105029
108949
109544
106077
101917
116961
116576
101736
96801
103056
106386
112493
114031
90310
86020
89372
95012
92854
109815
113385
129078
108456
104045
95686
106319
103639
95152
92019
119156
101763
93626
115104
90865
95100
113795
118258
102961
116055
95572
106882
106254
100290
102176
88433
107609
87181
87649
89417
85827
87511
87890
88219
99234
122820
104285
98645
88437
96874
98780
102231
87231
95428
97238
86837
2879
1630
1520
1873
1854
2203
139974
2585
119609
2909
102646
111435
94056
2545
2136
98885
78919
93092
3251
94593
2730
118370
101430
116999
2549
117381
3697
2735
102773
115338
89004
90025
2597
90694
90435
90923
90392
2727
101095
124662
102881
98087
2526
228049
193150
111171
112734
91231
99961
3495
93465
89275
114948
130983
2698
108609
99667
114082
3557
121516
3033
103045
102899
94250
121204
114525
88380
106978
113531
93343
91516
97164
90377
103856
93307
98633
91719
4070
92191
92098
89326
96159
102835
93729
98518
169452
151245
15379
3576
15455
16312
3281
23335
24884
11014
3921
15287
9404
3119
194280
128808
132502
100218
103630
237576
222079
324897
91463
106349
98015
96078
109336
105153
124089
104895
89033
112574
97242
107369
3066
99842
221706
240029
130112
121681
118366
127793
122268
130131
104449
96393
100460
93565
112555
112351
90532
94252
91711
90693
144575
84772
117007
96129
110822
111746
91848
91696
106086
86709
162861
15782
41623
18050
24890
15835
21844
13222
15250
22809
13282
14607
14124
85439
82915
94346
91003
90998
91657
91088
92813
97437
95480
96953
90094
108064
123421
118689
93344
88593
98797
90752
89043
3904
96142
93224
90661
97572
103288
142524
92806
93491
134868
92300
94225
105758
101748
110608
91653
2915
100549
102708
113536
3494
251890
105925
112690
101688
101318
3611
117504
98441
88044
109368
101931
99314
140410
97362
100025
105396
95426
113084
126431
119469
109078
99763
99599
107307
3258
107858
98871
100875
2975
293754
267654
320632
99237
129545
98019
90960
119004
102269
98357
101872
88235
106260
106108
128742
12550
22219
23837
22923
27312
2712
23034
15652
13830
16458
25651
17999
14506
18172
33545
14981
20072
27692
23212
45502
18934
25222
31433
17604
38822
87552
130724
71358
111938
101506
90903
98316
106650
105526
93858
86162
90406
104447
3420
106569
96556
3469
150953
29333
30041
18206
22403
19224
21917
17928
16899
17459
27836
17921
74588
129987
105394
118916
17958
16546
16398
17238
16210
94275
112120
88492
157305
145985
18202
18776
26881
17308
16282
28841
17547
27808
39163
73849
67079
78811
115114
100061
95045
81439
99253
9409
3883
91855
77943
104447
96471
93241
92804
81547
98715
110698
106817
102597
100818
91730
88175
84837
82519
125809
86673
3094
86205
78811
3086
80365
103321
74342
85948
108121
86932
77003
81313
92790
79879
84057
82570
83389
78037
82557
79614
85870
86327
78113
76273
76679
79360
77596
75963
90666
85283
75795
79111
87822
78848
80870
88163
86636
90807
77852
79959
75560
76752
77196
129561
88823
223447
186217
12912
21056
12914
13971
12420
11363
13805
12058
12553
3006
14892
12865
25129
15539
114309
110443
95464
101667
90979
106373
95294
96021
62745
83580
89254
84262
75289
77080
76015
76168
95046
102743
103251
84404
81674
77753
77813
90978
84809
83616
94245
80196
96287
78641
77347
85275
101671
84256
75717
95890
87328
62291
77750
90999
75275
76021
76230
95885
77135
79521
92969
79287
89184
74846
77459
79546
79551
87668
88230
81118
92246
78153
88497
100561
98768
62170
88669
78491
82373
77411
98455
92263
85434
88034
80479
77739
81380
77256
76414
77278
77324
84690
85478
77836
80257
93380
90735
62505
87766
85923
81262
76957
80826
79744
77525
76213
80380
78759
81152
129896
97339
83907
3182
86291
126288
121591
89983
90031
81570
74795
90079
129321
94303
115371
88444
121537
99293
93673
84211
110840
91865
90266
82830
99447
101042
79459
97006
62859
86578
98743
4186
79529
77916
74596
80460
94364
79764
74813
102993
80961
94384
74235
84223
106871
101028
98541
110378
96885
100524
93615
89215
79184
77852
87259
83779
108914
88838
87668
85180
90113
122197
89583
91778
96198
78447
105594
102367
101648
86397
100072
84471
80622
87717
78545
101205
82002
76752
76534
74385
75211
90976
79925
76997
3465
79588
3553
90525
79530
76157
76661
91999
88717
80759
85876
87056
79205
74429
84041
96261
86528
99212
85861
77079
81150
95257
76739
86742
99821
108516
93238
98214
113160
88543
91770
93359
92324
76558
89628
117549
62979
103901
91487
63193
82843
91699
103984
99974
100203
81970
90858
169753
91210
88914
117285
106102
103062
99329
116851
103190
93259
98594
102591
89434
87182
89007
105763
87364
100990
121648
97900
109609
100046
75266
91182
76360
79190
85615
77685
78903
76005
74727
73787
76559
89041
81334
80020
86611
95341
78453
75730
76292
74411
75452
75643
81396
74697
84753
89201
74744
80157
89407
87790
100850
107017
104735
96050
90340
90280
90758
88152
79678
99991
88677
88278
105278
93262
100270
88063
94189
88016
86398
87173
95946
89371
88058
95317
93358
88610
88275
89926
107518
89642
112417
97367
112150
90344
93580
115095
123453
121387
103616
103531
105939
113553
99049
90920
89281
107370
115930
112309
97939
108910
89577
100121
110349
98963
101451
89687
88745
90750
103151
88649
99077
88307
91169
103716
89557
86957
90442
88445
89683
87933
89251
87727
88428
98176
111829
99396
92011
87261
111910
110043
100210
107151
89733
115566
103663
95229
98642
88185
88402
89374
87670
93933
90403
105402
87391
88163
88648
108435
105903
118358
117943
110762
98034
90940
100630
90563
122078
95992
110359
93524
92918
91777
90146
98740
92715
94035
86801
106519
165774
94912
114090
99322
89753
88634
89394
87028
101352
90578
91666
95241
85214
83912
100485
109233
122498
104556
88506
123368
110093
88461
100963
85579
92928
92543
104908
118710
86236
88556
88242
98102
63540
75607
80799
76683
80790
112361
91895
88753
89077
91437
90341
86321
90914
93528
90556
109222
102674
132343
126664
103450
83871
109583
84816
89607
74906
114104
77366
91252
88992
76209
79996
77733
75068
75156
77055
75666
79504
84380
77025
75934
75852
75733
77213
84152
74501
94643
105990
96380
123548
119529
102542
118339
100735
112050
97512
89297
89386
104467
98762
93216
93289
101352
106569
105052
109093
101231
95494
103083
91652
161797
133577
12298
11681
11898
11073
12283
12735
19061
13582
9118
21274
19451
13309
11921
12997
12563
118142
241543
156620
93558
104799
106797
87284
93674
90663
100728
102529
108332
98946
86253
94375
102706
90153
94244
120663
28420
17814
21601
20005
15301
21610
13868
12082
14028
20810
84534
96972
88965
96174
89931
88536
91409
88304
88569
94790
108058
87315
92945
95033
103722
98219
108661
90117
104449
94321
99356
102720
100806
136267
141604
123568
96635
126233
94046
99953
89885
95532
103466
96494
91980
92839
102043
92672
89380
93894
87822
106295
115624
120113
118926
109194
127228
114872
249503
210496
254100
88996
99235
106095
89153
90790
89333
100680
91456
100782
96812
89934
94886
87854
88513
77696
81367
103658
98870
121234
107434
84732
113775
103186
86714
96444
81400
118623
100355
84638
77912
82303
74635
80505
81052
93096
79977
106733
77225
81721
75974
88590
77685
77071
77852
77293
120830
76597
77795
96723
80251
94168
100304
92329
84350
98715
64379
85473
80924
77287
92940
84156
74552
103919
95982
116733
105691
93798
98401
111877
80837
91443
88176
91685
86377
75062
93635
83600
103335
84811
94862
92510
104729
88934
95544
93403
95803
76489
85492
91393
80804
74740
74774
101864
112534
86271
83178
94783
108571
77549
83826
86645
78899
87294
90192
74854
90145
113096
104747
91832
94679
93402
99102
94149
84422
90770
75180
81279
75674
75941
84840
80888
74767
86049
80851
86249
2886
92222
81837
79397
89815
88498
81027
78526
80837
84877
81891
87259
82465
118905
105145
90734
88897
112627
101007
86886
91141
96936
89939
77285
101924
79016
79628
83634
88488
96797
117289
94908
117011
115274
116623
81174
93952
90287
89842
93303
75833
77394
91581
82523
83696
93294
106905
90778
81571
96503
94174
76965
92642
77724
76820
89720
87691
80465
85487
77347
74797
93370
92566
79482
75606
95789
82081
76931
85533
74651
79542
117486
113144
89542
97851
92262
95689
108366
92791
75825
83651
81952
76648
74683
85706
79425
85838
96860
95103
81327
87666
83464
78157
81766
86915
79198
76470
79860
76706
80921
99598
97657
120781
90356
116814
86728
91971
92370
85494
80900
77965
80810
78339
74419
62425
80858
98598
81660
79422
84165
84991
108614
16861
12395
12909
11281
11681
14041
13261
12638
20820
20928
12426
18293
12100
12900
81677
69530
76787
97322
91765
89799
91594
74793
74240
83905
76409
76300
76558
80295
80274
80303
75281
81772
72928
76071
78138
76507
78588
75818
76995
72136
76641
76476
76134
76464
82130
82612
78292
102541
112365
78252
117036
74988
103434
93204
94698
93374
90589
82803
80728
86610
72498
75694
94541
92482
75319
75964
79118
92826
86309
74900
76799
73750
86958
74295
85180
75650
94431
74699
76369
85535
73754
91797
102334
80727
93100
95130
103401
75504
92956
95167
82316
77162
91487
84931
85373
75141
85799
90083
94521
81982
100305
99266
91301
95131
91371
83103
75654
80351
85855
88461
78722
93734
81571
74541
91802
83281
79331
96468
98243
87770
89052
82713
91560
93045
81720
105716
118279
79221
90977
76375
82104
133915
86366
98701
87742
78369
77912
74321
76039
83044
78252
104832
109880
90049
104237
112180
97500
92366
81840
79772
96739
87338
78745
77467
77017
106998
98516
89244
87457
88469
78085
74295
76881
75564
107901
89536
106956
99349
103518
94233
125739
90352
88616
94448
104432
3148
104800
90986
98837
89050
110872
85973
88257
87242
100852
107710
114983
106043
104695
88486
111566
98750
100108
93876
101101
93634
101291
90112
87575
103159
121315
106935
95714
119337
117169
104431
111427
102186
89395
87684
89432
88530
102792
107404
101721
99729
99462
96472
102066
92994
77618
87165
77567
77299
99373
108487
129670
112859
105073
102502
105789
102821
85724
109878
88982
88810
88597
101135
128357
81951
99658
88854
78630
92445
77526
78985
76414
85010
80975
95516
91562
90966
85750
84100
92414
83819
126267
75618
98092
89306
167134
108067
127159
89899
98516
101091
90567
134262
116281
127410
142178
101848
104625
119654
100916
109203
95430
111992
96027
90924
91368
92268
84978
85762
77292
92084
88443
77374
83687
111091
168788
12914
11885
13113
12080
15181
10938
21225
19320
13377
19348
13751
18047
13500
82640
83624
103168
99918
106347
116928
117294
92879
111373
103704
93623
98130
90542
90317
107542
88031
104085
105091
91492
92819
92477
102074
86616
88433
109951
93119
114403
101440
168719
175039
133306
120548
120127
153604
92983
95804
113546
91506
110434
129775
117033
98803
98019
107175
115912
137140
25027
19358
17814
16778
20708
18664
19172
167388
110005
103756
117193
106289
105556
90086
99816
99309
89355
100607
109625
99835
108467
98113
100187
108569
95652
109687
99067
89817
105958
98212
108646
95282
108704
107675
91666
91437
91173
103072
88692
91188
89446
88919
89561
86631
76328
95805
100562
114614
109747
81134
144741
13959
12455
14204
12562
13931
22607
8903
27320
13577
12994
12477
12815
11969
19743
24365
25898
19042
17269
16160
16698
17402
26346
17487
21899
22824
18082
24731
97079
96440
88630
76401
103549
81484
92320
89117
79329
85136
77807
75898
82594
76602
78594
77789
88171
77420
75578
91184
72269
88730
81439
76615
93405
78625
93991
83646
94264
88035
80009
76483
84399
123424
26415
18436
17328
16633
27233
17114
16288
16670
16523
16181
17488
17886
17727
18181
16976
17592
16637
17065
16584
17107
18289
19580
17818
22003
79033
101969
100472
98091
113955
130070
31394
23543
28026
25959
27743
20113
19630
16461
84395
190912
191099
288452
115859
99839
91412
118595
103697
115597
118104
114046
117218
112951
145192
107670
102549
99114
99426
93152
91642
124102
104404
131853
100394
99434
87978
93578
89215
89016
90620
89322
93217
108132
87884
93649
107482
87144
86702
100070
93069
89834
87658
107929
90972
108368
116261
111124
147843
119027
115289
102289
97865
100207
89424
90850
89317
90103
97391
90532
103826
102659
116251
101814
105107
87488
110236
88078
93512
102669
88791
89361
94281
86273
90876
89108
88782
88270
86964
89099
98175
85994
96021
89084
91232
95015
95258
100892
116157
88301
109431
98594
86742
79220
76585
89832
82550
108135
81188
78076
117719
97806
95465
97171
91962
101967
97513
91383
106282
117266
13821
15140
16383
30257
22535
13745
13597
12970
18392
13704
12096
13375
10770
25017
18191
29103
17668
16589
16423
15964
17675
16927
16398
15963
16597
22823
15635
35980
32931
22491
120012
89001
98963
106880
88956
93856
117145
89863
94168
3317
95920
150937
163761
21242
65467
71536
109245
117893
109041
87418
102201
98900
98942
93796
101449
100051
89955
96831
108871
95037
103443
104582
90558
94352
113703
132590
125866
120296
98521
96725
97619
90518
134302
13976
13384
19931
13197
23830
23652
31485
14507
16876
26878
17982
24039
26253
25346
47768
17779
17598
26231
29055
20320
16695
20800
14436
27339
27263
22737
29506
12951
55006
26389
75541
99293
90825
101860
119876
112671
98861
90539
102292
90582
228917
199980
271979
90752
101365
101103
106567
92630
87427
98081
88574
105788
104058
111970
87075
90343
129139
98168
104113
90075
91230
273838
214572
100350
112651
105642
187623
159472
109614
87806
101577
101558
100017
94510
101381
102935
83558
84272
89254
63990
79541
79653
86540
76667
94241
74549
80642
244532
220957
244993
88354
84747
75004
92766
85695
78698
77727
89605
81136
93878
106119
131383
85852
82601
77886
81540
105098
89685
100885
122322
96425
110403
106261
95507
100724
93747
150351
165906
107727
103934
88501
89130
88954
90331
106699
120839
108489
108566
104474
101807
106645
99078
98732
89083
86624
101446
92128
89432
103132
109266
97604
108174
89804
94613
118978
90388
94652
91504
89564
98399
125668
12445
22910
16943
9637
9217
21265
13758
20564
12780
13191
12178
12327
13157
11800
11060
23243
32493
18252
16601
17513
50566
64332
101286
127757
108684
139996
88957
87654
93228
91767
90514
88183
96662
87772
88968
88556
89343
86831
102253
91186
95511
88346
90815
89524
91820
88320
86685
88108
91765
106203
89184
115135
116511
112378
90332
97542
84458
80674
97146
74265
134846
91042
87344
85664
95306
90309
78544
99407
101618
88817
14013
24238
13737
31945
16772
20311
16346
14226
12478
11080
24146
47238
10741
138239
78953
82429
77492
106278
109302
105819
94827
84218
90157
81217
87627
91500
93363
108635
129371
77055
92573
100567
98567
101032
93463
103026
127547
88236
106158
100099
103860
109409
101177
93801
87626
89675
88673
88915
102702
102348
87665
110489
111042
96190
112654
90774
89584
88718
88213
91094
87747
98228
87788
93209
89558
99218
109268
89827
94995
96545
90320
101607
100545
102307
104139
124997
93748
108489
109541
96299
104159
91578
88654
109463
112627
98779
100236
118165
108831
90659
88949
88692
88136
88775
88527
102432
88834
89595
89792
94184
116031
100648
85853
88781
96154
75952
106443
89308
131016
116464
87926
96977
91781
91398
95805
85364
98372
92766
88138
101223
90618
101255
76630
77834
75122
76393
101624
82220
76643
80022
74386
78453
239988
161412
87236
83219
76658
74575
77821
79149
76446
61930
76183
81088
102003
78282
62817
74251
78682
75216
74772
75526
74405
74567
78451
76643
75111
75188
74361
74754
77681
75647
75381
80806
72524
77450
78717
86631
74636
75368
75688
77366
77023
80346
77484
79346
79511
78224
76930
108570
84567
89469
88872
85922
85021
77362
78876
62426
76166
74944
77309
75721
80047
78611
97639
104433
62349
93531
78957
76785
79696
84090
85802
89731
102325
91060
91505
99839
86415
105633
90001
80358
97100
80350
77015
73905
85291
104980
76451
85631
78585
80242
81390
114352
86643
93874
93079
97273
95378
74903
79072
78278
75790
88133
81896
105349
77404
98986
95444
105161
94515
83700
64280
81642
78394
77902
87416
89932
77003
75197
75077
75138
83175
78955
93096
92341
77052
91120
77448
96524
77120
92360
75067
74866
75980
75871
83629
86119
77351
74917
76079
74459
77161
76254
76179
77465
75601
98596
75519
80332
77741
78047
77393
83568
87341
85250
77256
76194
76981
79638
76346
101963
92126
99140
88023
79662
76968
75073
75202
84331
89710
75843
101118
78240
84646
83686
77279
93868
83933
110364
112143
86292
106122
81603
91299
77170
95219
97039
88507
86598
76886
75387
77517
84194
79147
85170
144337
98489
125587
87422
132951
94008
87209
81422
93906
62683
80377
80065
78014
76584
79970
74573
75335
75933
77714
90207
74774
75438
81622
76884
75188
76132
76869
84674
80821
107113
75839
88547
79148
76559
79166
89579
79092
3158
80093
77609
75919
77117
77082
79327
61877
75435
80615
77123
75641
75796
79254
74969
75335
89521
82050
107290
85333
82715
77639
79908
87426
79977
75359
80403
78331
78416
73511
88446
82135
100062
116764
84606
88282
92255
84030
83046
80141
79019
87162
76510
80272
78168
83916
81226
115962
102683
80254
94251
79291
78510
94264
90588
89002
79852
81432
77937
83438
79253
105023
110920
82167
95278
85728
93027
91828
84503
80986
80073
81457
84700
83917
108968
93382
97777
86457
79063
93753
78542
79613
77077
62839
74505
74424
75548
77578
74920
79305
74582
79289
79771
80930
90452
76928
86814
77834
81458
83649
96439
86369
111798
123697
118059
100226
117489
103776
107387
110923
109767
105552
100562
92259
106771
86436
89087
96704
89982
88542
101150
91890
111194
98448
105182
114644
107606
104320
96837
94813
99711
101227
105340
106372
90241
96818
95229
88020
87997
115304
157875
13813
13018
15704
9776
25988
23233
35388
16345
8806
20152
12295
14295
118266
114197
95492
119773
108090
131494
91981
114344
98693
100201
108117
90384
94530
90330
95510
131968
89659
102959
112267
99607
79801
90761
90168
78615
76949
88043
84687
85681
75680
81535
75640
79314
92650
117473
83822
101756
78486
85384
90770
80059
75289
75954
81941
76966
78233
87650
78068
77753
76686
74852
88301
84843
93734
80005
74439
74585
74664
77236
74652
81483
79691
98138
105058
87671
89064
88920
87977
219997
182976
114018
119400
114259
102745
88822
89897
116842
89300
106846
100174
95012
114866
88604
117961
131315
111491
76792
99799
76671
82054
94639
106007
95489
98944
80744
86262
81859
75625
74889
74753
81922
75373
84168
81136
75160
78486
96172
81842
74413
94479
138240
89697
102183
103888
100139
104360
107379
95904
107356
98833
98970
95567
100737
110428
83728
109393
114314
96450
92405
100855
97804
99290
97354
91040
101596
92751
98069
120390
104216
119180
120410
95165
88601
88836
96905
95576
88918
97264
100656
90964
102520
94375
96336
100565
116148
89201
88908
88613
88793
108532
88019
89212
95295
90903
88048
87932
89211
97288
89350
99778
109067
87693
97452
91185
94378
89310
88396
103299
97255
96656
90929
107429
93026
92830
98789
85346
85299
114297
93605
88583
77850
81492
75414
76066
92857
89574
87983
76106
77450
96540
79719
91193
81715
74929
93327
105748
91731
90364
107910
92209
88962
114411
88521
95807
91485
121160
112559
121603
96234
90930
112940
87696
103266
102887
94262
88196
96960
88651
87740
87244
88994
93848
88715
99125
89542
104363
92090
86171
84575
152042
88634
88743
90212
100514
109574
121392
101819
110083
94332
98730
94839
108751
90984
89805
91719
104030
100827
109439
89236
92558
100251
98808
87470
92456
94521
102404
132186
121275
85778
93171
87782
92918
79147
79737
89618
79050
76400
81404
77215
135136
85878
90161
96195
105137
74438
81393
108092
86215
77302
104780
112492
125950
118615
107433
110185
111254
106291
94660
89674
103896
95140
103684
89473
90176
88407
88351
106743
90405
254238
238868
281148
100846
101430
99166
87977
96679
89606
88121
95591
110825
102871
111825
109211
97612
90716
104915
94045
101033
100346
93646
92376
97980
87822
85073
75825
81282
74646
80585
78860
86957
78527
79791
78035
86979
74606
74811
74717
75504
77115
77193
75255
74486
78921
79242
79734
80341
98342
75119
99222
82322
91292
99356
84271
83012
97092
77263
88212
75869
82169
76417
90576
88394
76710
128335
104184
77705
91307
93509
105877
118216
83670
76499
76399
75286
91880
109287
74438
87321
85625
78060
75669
83037
80514
78627
79987
78125
85208
79135
77081
94967
94038
77763
77116
90976
77343
79388
89863
75310
77730
77162
75444
75690
76385
78200
89328
89080
73756
77848
87281
82668
85334
79296
80273
81833
86620
104004
87739
99514
74629
92308
87527
97293
96568
104613
82037
107848
92933
90060
101713
78406
86966
85662
76168
94307
92746
113960
102044
117544
94098
89458
77131
79412
83691
102571
81391
90051
89040
76344
75028
96511
81962
113103
77951
94167
75367
89888
77672
86186
84416
81334
86660
90809
79476
86724
82287
88447
87024
74750
111989
88239
89520
76304
78588
79493
84168
85474
75473
74646
76127
74997
72386
79514
78549
85755
80041
78732
95030
77207
79611
77839
91344
101285
81869
103076
85456
88462
95770
82250
91802
103195
84536
114395
80837
79269
92557
83259
100156
83429
62273
90716
85743
86837
83875
99173
89148
97642
77420
90865
80372
84764
74906
90818
75670
75147
83630
119073
88415
84718
89211
92998
89393
90320
84736
112240
93505
86650
96842
99021
76869
116637
88021
110241
78852
83255
79868
104704
93738
100692
75507
77478
94141
74464
80937
96265
94091
98132
84981
80576
77964
77700
91056
88610
74451
78518
75817
105724
102713
104976
92972
111190
83293
99489
77621
98561
76933
88757
79159
75910
104172
91668
102798
93556
103982
93475
88114
94098
91920
83939
94941
79878
83409
81198
77162
79247
91113
76968
76342
75837
76116
94195
83682
110796
99198
87062
98302
99009
99422
102488
97738
149788
114203
118039
157494
124357
85757
118367
874559
489732
484825
884836
396237
495186
539043
625135
122328
106054
94736
99659
107680
91542
108817
86928
83645
87899
90591
87218
106148
130958
93861
123685
90708
107953
90315
91930
91816
100024
90753
88363
88408
86586
99382
99143
119753
126149
107571
98492
130908
100970
109432
87551
97206
107570
93471
205520
184245
23594
56694
17251
10296
21438
12962
16144
14246
31363
14158
15804
124070
106800
104521
99396
108425
130830
89972
101387
90936
104454
87395
85924
86497
87177
165943
103959
111243
107231
98775
121398
122414
112092
123854
103025
114075
87056
94244
107248
127608
113705
120534
92542
118529
95403
92810
90985
93808
89820
92524
91378
108371
84777
89932
99505
124217
90517
100268
90088
102544
120787
102276
97200
88205
88566
96854
100596
112041
131193
128198
103190
79665
74602
81128
83565
86242
79402
102178
95033
88024
86128
98149
76169
79965
90075
83437
79559
79423
78516
93300
77206
77623
75874
80126
97037
77122
79535
92324
90145
98274
86583
77062
78192
85431
80626
106292
76753
87471
89157
108294
87243
97156
103548
89718
105370
95096
91769
91505
105151
110299
90823
100980
148584
103289
114315
103960
84075
92110
133221
102530
115191
121145
101675
109719
112324
96840
93417
100336
85366
119781
120692
107816
113356
94560
100661
98380
105732
123983
103308
93982
95330
89937
101761
89114
92749
95714
98189
93588
89739
89561
107835
97825
94096
90477
109446
92809
99536
89390
88149
97070
94094
115494
92965
93679
102793
99984
95379
109593
108954
110931
90946
92145
87775
90326
106740
88719
102640
243236
170327
13540
15055
13195
12238
13228
11684
12530
11722
11797
12495
12589
12661
12715
13953
22392
127092
115809
89721
101669
108510
141749
90605
95938
91583
99271
93857
91171
95288
90398
97738
93386
96052
85495
84447
77201
78225
88400
82724
79235
98702
76872
96549
85591
90236
106945
122172
103133
111445
93844
106214
126924
94649
106919
100959
91259
108402
104661
122199
95628
111337
162923
107390
115095
124614
118949
103736
111254
110281
102939
114001
102243
108631
93601
95988
89508
80860
84274
84452
77528
122406
99832
88442
94807
84225
79332
80104
79990
82360
79637
78605
77703
86514
89023
94788
79613
79238
87595
78483
77474
79666
80792
81138
79271
80081
79736
79919
96363
89545
94885
106781
108495
99610
112615
118150
115283
156471
124249
124888
16410
25633
15177
23269
12688
13087
12913
12937
2507
3014
1880
14121
2360
2099
2477
15958
87342
100349
4250
1949
100228
3634
101853
101767
95560
101600
3400
105610
3310
102032
3655
3578
103827
100643
3495
94354
3087
115777
119028
123396
3160
119332
2724
119159
3047
110393
106723
3866
109739
123368
110942
114824
139859
113851
3188
122182
2769
100763
110011
110833
95920
107605
100155
108743
105756
90410
110018
156534
129552
110454
3129
107791
2781
116995
95519
114329
115105
98721
87642
88720
93218
98490
91688
100403
109850
100951
114234
94412
114352
105510
111652
106525
115433
86510
86889
94812
89905
86331
94193
94770
109510
104049
3052
115995
104100
95455
118799
99065
108325
3256
2750
105604
108149
101449
3218
90126
121827
87078
114045
115469
102707
114143
96771
126456
94011
2794
89830
89355
93837
108123
87843
93023
101218
114103
116567
86077
131393
16350
9883
12151
20347
12318
29680
3300
14943
9132
18441
21375
15266
13989
71212
81810
77296
76984
74236
82901
80990
75704
74468
74849
75250
80021
79328
88850
95438
80723
3089
97585
75937
78739
76035
105723
89865
101435
88364
112505
105286
277431
238843
332260
220873
188417
269976
105208
97740
86339
130309
91139
88046
152215
119905
92570
101808
110210
95030
119280
107307
107196
124385
105923
98306
2720
2877
94673
93801
106568
82244
90938
89314
89749
99760
103013
112081
87081
98575
100581
86376
3076
110220
109618
103766
136736
94845
102168
115806
92079
269260
222887
13257
21089
26522
9390
11702
11750
30828
26397
18231
16772
17392
18230
16730
19528
24869
18811
17350
20511
15265
32207
19647
25691
28332
18543
16060
18405
14718
16289
17066
51103
3406
93775
89367
107251
98456
92781
119481
95263
126811
3309
120095
116078
97456
98961
92155
99113
83569
78427
73343
84975
2987
91266
73268
87406
90151
104185
100460
61795
84843
91247
76324
101965
104477
79372
168368
113258
15656
13810
10020
20688
12378
12213
11178
11657
12193
23178
21781
22243
19948
34683
28335
17342
29083
17736
25924
29829
29095
18980
18321
17740
16569
18168
23069
39940
47166
27080
65975
161024
3024
112088
89892
92092
94704
90323
89305
90239
89367
115940
99172
89870
87826
108374
108061
94685
96107
90497
115585
2924
105070
101548
286335
267982
364825
643725
344099
600089
659166
763297
506278
101184
100644
91570
96896
100738
92831
3277
100270
103262
100010
111208
97044
89555
103989
3106
131647
13090
13329
13405
12184
12344
33857
11520
19603
12615
14755
20072
34795
24825
23966
17819
16506
44694
30451
33003
21280
20662
19375
17945
18708
17979
17235
16302
16335
16768
24791
17615
26370
3241
19029
26397
24419
17622
17814
14774
19796
3013
25381
27913
19224
24935
32616
17791
17177
50034
69525
50229
2924
91029
92437
87031
103857
93639
95558
88802
88622
103404
96076
112972
87351
92661
102664
88069
102463
114424
102969
101485
90242
94497
89746
106075
115501
84622
95810
89349
78313
75757
76133
75692
92862
78913
78392
76584
105374
85000
89207
77782
76848
76371
75976
75366
73298
76512
111098
90841
96540
105785
100887
108241
107789
90678
95845
101308
89764
103167
107045
93233
90186
85335
112168
87316
109019
103776
84548
83554
80974
93343
62049
126856
96591
86281
84872
94837
103596
86374
78284
77358
94280
78287
90970
96424
88157
77254
79700
77850
75796
76104
75991
85937
80694
117088
85106
87945
88686
89065
106020
99897
94608
95431
115157
77457
91920
93678
76762
75513
93689
83646
75826
74469
77942
75378
76188
75354
74547
90286
95049
80387
2807
79717
83101
80338
85845
80967
93439
109157
95637
74797
76504
76810
89933
90489
76607
86590
78771
78693
101210
95845
114723
88090
97229
95818
78415
90882
91459
75465
95009
95211
74396
74886
74692
75026
73734
75128
75924
75858
89681
78199
93272
83211
92732
91988
105632
102877
94911
85773
86535
82052
83213
75318
73842
74109
81083
86060
81836
75994
97256
78522
96547
86626
87231
87207
78340
78492
79484
75494
75299
76455
85861
98074
94652
97109
98827
75069
114287
76964
89422
99334
78151
81482
82111
77545
2961
84128
82373
93847
94448
76648
106247
87596
74241
81308
85210
80736
102301
113253
74060
77584
78386
75971
75698
83646
88987
83278
87956
78809
81473
85854
107252
99470
112758
3610
113103
100225
85754
79318
75654
82139
99119
81544
88724
104253
99366
87576
96285
75360
79720
89177
83464
80622
77243
76698
97006
75303
87413
110276
84913
74590
74222
84932
97816
76196
95324
93338
76376
98896
87177
83345
92650
89182
84533
97830
82140
79455
87504
78540
76149
77520
81263
79251
77303
73569
87569
77353
76900
121619
77077
98408
93673
99389
88320
93878
82971
84395
85856
96058
98264
90381
82370
96376
107224
89221
93680
97443
97393
78344
76056
73144
81318
76678
78443
106077
84615
87717
77808
75183
80046
79167
78851
74988
102331
81982
82610
78748
98872
74493
112796
90724
75504
77270
128123
77280
75988
82013
95385
125995
82250
80881
79147
87376
95534
80157
78162
78283
77696
78921
79172
78236
76941
104293
115694
122701
101497
102213
103881
86561
96672
99447
89743
88420
102181
81371
90997
84544
97441
103595
89669
104557
87653
105111
95217
88971
90802
82561
95659
83530
75613
97553
108958
110012
97565
97945
377867
253585
348842
449293
93540
103114
102978
88623
89180
89450
101181
105049
82577
124792
126352
121694
87820
115459
96399
114276
88639
99522
103232
86905
98589
94987
90820
101727
89909
90745
103300
106086
108474
88830
115578
105254
95225
99505
108829
94822
92981
104884
94769
84666
120368
100216
93912
122366
92305
125856
161079
101270
98143
89717
89972
93916
93026
87120
128731
18877
16949
13584
13037
23212
12760
12262
13830
13341
29929
13386
12581
20787
96181
94168
111122
102739
87928
93902
85093
92175
87886
102550
105671
90336
102676
108382
77710
98575
118191
87525
86566
77145
76184
75267
84875
81456
75814
77036
75458
81964
77151
76046
84995
89375
81785
78773
91582
87105
82337
86256
78269
105967
85887
81492
87045
82941
86328
74866
94250
80313
83826
125421
87620
97288
94296
77926
87227
94264
97627
75919
83104
89327
89723
76669
73858
76764
92356
62747
86541
93631
91756
103012
97896
92038
85319
89594
72283
78801
98968
88497
97122
93934
112950
91768
87607
95870
86589
94539
91692
84551
89845
93011
87751
94534
88297
87815
103892
103996
105423
99879
101259
104518
88255
92871
127278
113822
121078
88377
94476
98528
107490
112354
86064
105936
96075
96321
122128
96385
103989
111280
104030
100300
108303
86317
105012
106005
100838
90887
132986
135109
105547
127292
116943
116569
111401
101199
100900
110659
130079
116452
99968
100009
85571
109249
84952
97256
92450
85762
88843
87466
88519
89911
89925
87067
89720
85860
94655
87977
88096
88328
94448
85609
88836
89402
86581
92522
90808
77439
81775
92507
75152
95153
102924
82486
102383
62276
87478
77547
91738
77809
95315
83116
91229
88671
77234
78808
79269
75473
74818
76404
73462
77249
88884
88804
83473
74680
75416
78632
86985
89616
79009
73725
75281
89867
78901
97762
90015
84177
92967
76112
83006
81000
73521
75498
83986
79185
75228
75464
81246
79131
127927
106957
117263
116336
92216
96021
96876
98955
112563
87683
98322
92433
95512
97010
101359
113866
104688
119120
121293
236030
195978
271307
110653
3048
112414
89726
98485
88826
95688
92893
91211
102574
93260
87210
120444
11793
11499
11430
11332
11220
18987
20173
8421
13409
15117
11970
12266
13148
15024
22341
12451
82767
115407
116601
94084
103975
99914
101188
105701
104589
104976
86820
107011
87866
91355
110236
99655
122560
115036
106372
116909
104672
109177
104162
92548
104597
101047
112106
99334
98216
106702
101870
83334
92598
89015
102396
104643
122980
105118
110479
131858
95267
128686
91266
110022
102758
101829
81095
91150
74295
84957
98087
83366
80840
115930
96298
90874
75059
87307
98140
76906
88773
98800
95287
94915
86490
76119
78838
95778
90927
98132
83579
119387
95632
96907
100769
88905
96919
89149
86301
81273
78229
99971
95441
395433
243441
324122
395141
85957
76012
82201
78437
88669
91742
85483
85912
95594
104592
97516
108573
83339
82955
98088
82188
84500
79546
90511
86278
86707
79796
85242
79512
79659
75261
61737
73469
90989
78364
89227
81873
86213
86613
77997
95100
84483
98144
89080
98551
106240
86790
90444
91864
91206
87303
91103
80246
98210
78624
91019
75083
97867
77350
93664
83538
101182
87947
75091
86728
74872
77889
77321
77061
74532
92133
88010
79389
86839
89013
96949
91343
81706
98755
89152
95649
75096
87126
78965
86609
80820
95501
113743
62634
101004
78299
98480
89378
91848
111312
99105
63695
76888
74585
78811
84464
90898
80607
74511
75342
76099
89384
74372
75136
84524
80386
77619
76112
75275
75064
76114
74032
73946
61629
76394
75645
85330
80792
74791
84454
79279
83825
79329
82017
74570
75978
85284
80201
80034
90046
80623
89091
83166
86874
88296
85136
87294
74756
89228
3076
112218
77052
99397
75767
61989
78817
81542
74963
78329
76381
99344
94395
92407
90786
104714
77734
93655
96231
88784
82836
85688
86216
90781
75336
85731
76465
95968
102972
85030
87254
93530
62817
76465
84799
81194
89296
95467
99880
87750
84275
75342
97254
90924
94861
77087
104461
77665
75949
101678
116612
95144
126432
84198
101872
82144
89951
81489
85996
94561
86756
76989
74362
86010
93969
76029
117134
95940
85743
100324
89578
87734
87727
82994
76533
80266
83571
77311
244713
213259
102123
105315
107308
99121
112548
112505
103128
88477
84227
161748
19206
14414
12661
32303
12266
11600
12480
12280
11958
12264
12975
13983
15003
21810
119346
78828
85117
83843
91221
90424
75042
75286
79506
78526
83409
79845
83321
123189
86271
83942
83277
87611
79483
82694
75639
74741
75639
75622
96950
78450
87210
85725
81329
62760
79996
74804
89934
86412
79219
77761
75512
92520
77454
235817
177176
258015
105423
102902
96461
82102
86195
77749
122648
86348
63067
109004
78664
307259
190438
290679
19726
13640
14960
13690
22042
14338
14538
20896
33643
20455
13030
80763
80568
92881
87127
88658
87749
107707
90704
111192
103181
99806
106132
104502
90740
100124
88989
94455
100959
88317
90293
97067
80433
79321
90772
106566
91122
103673
88419
76108
102776
84374
111289
120977
106463
91770
96759
96180
97055
101438
94953
89345
249117
321099
242113
257922
99476
105124
95163
92494
93022
108853
109456
112164
104241
94994
89141
88613
100050
91938
116787
99551
132403
106839
113425
80857
78404
77158
90270
89597
76289
86324
85183
81056
84347
78885
99958
92811
104834
76097
98029
102391
85437
78969
98418
81542
77622
76853
88159
91545
75218
82283
78140
77676
78793
77354
78315
78000
77114
76544
76663
87404
74876
62329
77722
79701
96489
75015
78841
93905
76497
92095
82981
79761
97134
90514
88643
93563
80559
83334
77434
84468
91608
82370
75440
89325
97852
77390
75759
75608
84803
105526
198740
14359
13833
12636
19674
17922
12070
12124
15335
12352
11640
12737
13408
12055
11963
101961
89892
87820
101672
101036
90101
89346
94331
90608
92492
103767
88178
116779
99423
102922
102064
115853
89465
105668
96399
102852
110050
112519
115288
96375
122573
93338
97574
93213
91374
100378
100409
97663
98704
103596
90361
104228
89029
95030
118964
118753
106784
87667
144469
19486
18846
17581
25719
25925
18097
17584
17542
17066
16779
16158
19296
66838
111864
128619
97274
112305
104735
103880
99472
94624
91768
114856
95337
101368
119736
89111
113516
117658
88221
93169
104736
87604
92358
90058
94043
91492
91492
87531
92852
91659
92795
89774
89489
92643
91312
80166
77847
76290
76156
94756
80750
80147
79114
77036
79162
84025
76341
76444
102716
79379
77500
92531
90498
103330
108793
93821
89951
99331
90336
132308
103165
93792
113200
90300
95792
94561
94144
102337
91744
88732
90833
108341
90649
90227
90812
104974
123668
99668
101193
100580
127464
103442
129261
100885
200363
178665
24246
10361
14483
9543
14566
18260
22266
20323
17649
14343
13208
25527
32216
32876
15201
14021
24960
28931
20380
22640
33454
20601
15746
106247
108132
98160
109081
102640
111554
114831
140468
92046
95510
87617
94541
93246
84974
116615
115609
107915
126907
100544
104251
97134
96586
83272
100882
90268
98607
95397
89963
95472
88044
103621
106794
107655
88874
123044
109215
115186
94644
114160
99256
107051
97082
116984
100621
95706
83666
89342
101163
130432
107685
87064
93526
239424
219239
98403
95149
95134
93431
90264
87484
86685
97971
87906
103333
87484
112952
99494
89202
132653
103927
134870
15766
13826
21206
14122
12710
12144
11844
11845
13666
12245
11752
11621
20927
12792
26760
26861
17903
16995
25976
19155
20361
17085
25744
18022
19211
18536
17572
16715
16219
16162
24996
16708
26702
21720
19323
18285
16855
18349
24862
13796
17351
91792
87914
85213
87449
77721
83188
82833
85084
103272
90891
99301
119974
103249
90156
102623
86218
91088
93206
105011
92763
84995
95239
89164
83249
101547
96520
86555
86760
87324
80275
75857
87228
77937
76152
120959
97452
84824
97676
98399
96481
95615
92267
89848
108346
97856
87135
88499
88172
87218
106925
106882
97713
97329
109272
101524
98990
106327
101561
106396
90298
95176
95761
90170
102926
103241
114872
88169
92012
88771
89582
102875
87340
92611
101019
98514
89158
92261
90411
88733
94534
89015
91591
88869
101126
88831
87556
89217
88099
90023
97785
93100
90467
109353
112782
97607
89957
89446
89561
100342
103078
102171
89451
81672
98432
85815
77292
76875
77763
73811
73754
106883
88936
85525
87486
87264
99790
93212
107460
90359
92180
110902
90382
88753
96012
104644
93492
89906
89439
92269
103946
94561
102625
112395
125379
94226
93623
90428
89154
105061
116845
93492
89213
107605
78493
80404
78462
93490
103522
77613
100733
93198
96831
86367
90975
94628
86316
79158
91673
75351
78324
76330
75792
92473
90672
92904
109308
91031
118699
89896
110611
90036
103936
113215
87784
116027
94508
102887
90174
89984
85822
81149
79670
81224
101141
80393
79303
76215
91669
79796
74988
75636
96903
89011
100028
108088
108260
89634
90663
93533
106490
101615
108089
121065
13259
12754
12773
31894
12658
25837
12975
12168
12401
11724
12662
12081
12695
12360
133753
97401
123438
103914
111791
89647
119418
93119
98925
108995
110156
87905
111728
89167
92513
91289
91072
90616
91207
87873
95881
91175
110491
101591
108030
91275
92491
92537
94070
88854
99711
90159
133088
108891
106645
89661
92842
89077
98843
116297
95008
92700
96600
92204
90404
92848
95034
98314
103829
91462
91350
89297
88577
89994
89216
117038
89309
105472
93976
105765
101782
90587
87903
90897
93841
90532
92655
93550
89327
88287
90852
101335
106184
94137
116152
105150
90484
90438
87866
93623
88854
87390
88886
96093
96191
92387
111144
113154
90137
90136
100005
86853
116850
106289
127645
94129
105673
95836
94595
90831
87362
77164
97111
87213
102751
73454
115191
87127
86123
78305
79537
78655
93688
92035
82188
79657
78322
77193
79781
77946
78029
77948
76141
76408
96991
90519
99168
83512
89907
75871
81190
85954
76125
91536
95078
89301
94420
90853
98716
104960
83339
84736
81824
83471
76872
86842
113067
119763
97231
101252
79569
99497
90629
92583
89883
83502
82119
90823
82547
84055
123781
78141
85497
95379
95629
91605
100863
100182
80377
78991
96049
80358
86112
103127
95551
97650
114030
83063
95195
94091
101769
103134
92858
77062
85089
81723
84736
75446
82741
74372
76279
85454
81087
80428
101972
76357
110174
123650
98175
119433
112445
95366
89819
87925
84299
93957
94004
74001
74860
75833
75332
90823
93320
82076
101751
73203
84682
82976
76034
87605
92400
83523
86989
86740
79258
85423
83162
79313
89870
87839
91355
79885
87614
92726
81548
75424
90241
96014
87741
90017
87767
86819
75284
74525
100568
91043
89727
89004
75871
90170
89819
86172
100504
90788
96320
89395
79053
83455
87738
76500
86986
101141
97779
81673
84837
77666
75072
82570
85439
77371
75816
74824
99313
75761
81553
86616
79408
112708
99958
90591
98678
78654
79912
95761
83637
76959
73503
83682
75734
95711
97792
109105
92598
79461
75964
74906
74758
76060
74418
79482
74886
79136
89730
84883
76886
82843
105272
91268
85581
77781
93045
89530
82464
95997
116077
91394
77033
113969
98891
97040
81063
89447
88719
92923
79757
89189
88673
76939
78568
80448
73429
83945
80451
113518
89994
62705
111824
96764
113024
80040
119177
85725
77552
76135
81827
77077
81366
79462
76321
80261
76788
73470
94055
93539
111681
73481
107755
76460
94291
77510
108373
85276
91763
96702
74673
269356
237715
303512
82692
62833
80614
84962
83533
100139
89489
91840
96200
120152
93684
99356
101871
102832
119969
177517
170363
13144
12320
11645
12247
12474
11905
12017
11136
11377
16616
21530
8971
22227
12059
119436
106845
98760
88356
100521
92209
87839
95690
92354
87223
94913
91906
110957
86918
106378
107374
104674
107899
94820
98031
93233
93441
85159
92555
91398
90759
88600
93605
90843
87333
89347
107282
99568
105598
118086
108227
106353
93795
227596
217019
93252
107931
89740
97501
88343
92422
88162
90535
131091
192350
14661
21334
13788
12433
10949
12704
12255
12099
30825
10262
7653
16347
9752
22005
79970
86504
112356
87652
114873
104721
111108
152549
96112
176608
151883
99835
103069
157276
153064
91916
98076
92707
101470
86277
225762
165359
100335
114686
149241
18729
17207
16109
16876
17409
18353
51617
63710
52274
72727
115860
125240
82832
99543
97032
89905
104548
103155
88273
91066
89350
89275
88064
87121
95775
89032
98262
128252
17036
50288
49223
48019
51758
91399
100191
76741
91528
100785
87777
92597
100287
117817
110628
92538
101131
99747
88758
88287
89074
96826
97563
98929
88587
87332
88468
89215
88374
88322
99753
88876
90898
93215
98592
88851
110215
111305
123078
107483
99473
109078
97049
94554
96531
98348
94335
90764
90004
116180
96937
94976
91677
87428
96956
96727
89495
109090
90979
101767
120571
110983
77868
98846
104840
80677
89533
78351
89767
75954
77651
99603
94192
80237
99763
89829
85653
93817
82949
75899
87995
76153
76179
90398
82513
109201
90326
98632
100176
85867
99682
87417
89485
84313
90263
108657
92959
89738
93012
98392
84764
89247
78714
75039
93340
97237
90334
93848
97822
100949
75461
80424
85953
246221
276260
155551
81728
123287
117398
97546
141928
18330
17842
13758
13645
9996
13637
23876
13272
21644
9550
35650
17384
25375
28116
36428
18417
33968
14935
17601
40006
23269
27707
20526
83064
89551
102697
101946
92760
130209
97867
70765
87843
101155
104704
90927
89895
88978
89207
101157
89268
134615
317591
292705
342419
418817
179014
163385
101042
106876
100074
91733
101321
98089
103964
86365
3382
94994
95433
91059
