6423
2315
1161
1565
1174
1126
1640
7893
69872
23873
4924
2255
2917
174958
2088
116683
125381
111479
83216
2060
4264
181347
1584
1870
1850
18011
14867
16572
23329
1770
30634
10920
10218
2240
107638
87896
101434
1744
91075
112861
2018
1358
107883
96082
1649
101044
105860
77023
2661
2700
92716
2521
132495
107427
103742
106834
87292
4094
105982
101121
9328
128245
77396
103731
2560
101771
95624
98066
103888
93124
91487
97895
114204
101081
88549
2453
1436
89569
129283
107110
102574
2107
113564
86624
85913
105064
2035
101823
102528
104133
86794
99490
1835
86615
101097
86081
95535
111718
112756
97750
79713
82743
108271
97959
83934
102367
76256
103351
89313
95875
77845
80635
96602
82332
82169
121513
100629
101021
104799
2004
122508
85312
89681
112076
77297
98322
88331
94797
77517
80887
81472
127687
15481
28942
15315
29569
16591
13464
16555
13007
12596
9996
11833
13013
15159
9675
124770
115322
108407
94552
109626
114457
109641
103152
104786
86212
92666
90507
88562
89324
95616
93150
77203
126926
76361
106041
95527
79588
88070
79500
87965
77103
88012
93335
89441
75731
85444
89507
108557
93471
83700
83228
100066
88215
93011
76662
76009
76036
76704
76015
73556
77057
74608
94003
99689
80266
1789
89439
89392
81740
83884
82996
77014
82219
74704
80833
74725
1618
92629
1979
88785
86221
81543
2394
113623
80024
105340
91630
77989
77183
86351
89168
77530
88874
99522
84022
83113
105766
76786
2129
108551
2062
118443
90456
90155
77176
89436
79611
94554
107449
109959
83961
104973
105378
95720
90624
1770
96925
81076
95674
101768
80368
95393
84615
78865
98858
63787
94989
77458
75968
77689
76492
76414
75677
94504
61793
80691
85427
83103
76030
75168
77506
89889
74768
77203
78722
74441
76395
75481
86205
79736
79718
74779
96355
88619
78714
75695
78273
89805
85630
78598
93120
75515
81578
82619
107487
108388
109396
81901
107393
104655
82940
79108
79140
100812
114038
78054
90348
101246
97227
88541
79927
75926
76088
82891
84610
83813
80326
88154
86671
80153
75806
78441
75081
61688
76113
74940
79139
77039
78014
78488
95966
74175
128919
89817
101813
102147
81601
83832
90824
73340
76937
80835
76621
75576
92592
88243
77637
116420
62907
96737
91877
80215
82798
79963
78831
75289
79073
78976
74387
93518
93512
87229
92629
86068
74049
75880
75459
88463
75158
85495
82217
71671
90114
96549
82130
1836
82241
62949
106291
74217
84642
85672
82421
76556
88853
79533
82842
84184
87416
80513
79364
75083
76148
74534
79480
75524
82893
78617
87322
81215
86504
109631
119755
83195
82128
82017
573091
205848
317703
141767
105333
99559
83159
103729
96473
86194
81685
85877
78295
82223
62726
78145
102397
97034
85156
100044
92139
100375
98959
84945
84314
80673
77359
75904
75802
81206
81301
78207
83668
78307
73910
74855
75172
73360
77698
76893
75657
113625
81750
116479
92204
98889
80043
85648
74960
79046
77806
77488
92879
102692
78254
79614
77328
74978
75739
76066
75061
74684
102536
75114
84200
91686
105727
97498
97277
77787
79529
75952
101795
91875
122563
85836
98418
79982
79031
77288
76589
80781
83185
79217
97844
103845
84782
89334
79353
77706
75426
87627
86189
98594
115598
83169
110380
82196
90932
78122
89575
80751
143981
92337
91807
99710
79651
75569
75363
193029
89473
88436
86193
86419
87005
87967
87596
76292
78370
84746
63693
77579
99531
89406
84589
111767
96072
81165
1981
95827
82950
89584
75553
91523
77351
93747
83147
92057
92136
89274
94397
72530
76292
78198
82981
75116
74983
75821
79937
75664
62192
75871
75177
77365
96173
79598
107069
84197
90789
85065
91415
73819
112605
86943
86876
87388
96999
94737
90459
76885
114007
125230
78149
85240
76918
94239
85848
80707
103861
75322
92244
91798
94233
93651
89473
99592
89897
85876
79412
76817
99695
105313
93393
108165
84636
78900
76184
75756
74634
75023
79760
78688
79341
76815
80677
73658
75187
94863
77219
77137
98961
85055
85140
97109
88367
91091
129128
108155
108328
87714
88067
88496
98666
93421
89224
93486
90358
93293
87901
90446
89067
93795
84045
88337
90307
89951
105342
104811
108898
104949
109382
100857
124694
117313
103811
116961
95099
118969
109507
91197
96742
90846
91107
96995
99274
86102
108398
84946
93487
89872
92108
87116
81855
80525
76794
77764
76357
78694
86051
81101
77536
91756
103941
75023
86077
123773
86908
99037
93942
89741
90670
95392
102862
90615
120821
102422
91114
89623
106976
90428
90593
119497
134188
13506
13402
12588
12347
13875
12911
12707
21420
14579
12431
23380
10659
95345
107237
89398
87988
86750
94311
109965
115795
116261
102136
98171
99655
104642
86610
118939
103637
96273
90545
106882
94977
101743
92279
90665
91098
95681
91771
91515
109322
105010
109386
119951
129937
24799
23291
13145
11955
12772
12400
14751
16531
13487
13201
23853
15094
13440
84575
84831
84650
90420
89511
88707
88624
89832
90624
98052
92984
92003
90204
90443
98238
91653
113418
87387
92976
88339
107331
92919
100467
91456
92309
87991
95793
87702
92413
90798
91564
91901
95171
119360
910063
822180
913679
989053
1127704
1244232
876563
990467
1100325
668946
113225
104897
91233
91467
101064
101073
106047
108586
102090
91081
94740
90069
99381
97995
87526
78038
82616
80921
93519
62147
80177
86127
75184
98184
85981
224898
80936
85278
95186
79639
85741
88239
99867
87108
82206
89793
75658
81263
80399
85342
98801
95821
102286
105432
122497
92583
106818
74132
85381
77222
91562
90276
84327
94166
85778
89295
75663
96527
101099
84757
77292
74538
89479
82977
115171
91643
98616
91342
125009
82428
82341
89743
81314
77076
75010
88436
83199
76753
88296
89033
88188
95006
90050
112951
93927
86061
90712
83964
95107
96777
90445
77316
77041
77629
96687
86027
84178
85976
108798
100008
88417
125165
91925
112356
86166
99909
90915
98493
89249
82257
82382
85505
92628
76571
96811
77233
92254
91358
76034
91756
90465
75798
95099
89793
84005
87029
80287
94594
86209
80696
75133
92918
95315
95701
84954
102334
95774
80141
87087
87708
84089
81368
74834
87586
82098
95700
79142
119655
116426
94027
94098
89524
81038
83767
78020
87805
80689
79521
75068
89731
82231
86153
91461
105099
90813
105742
113863
88604
79378
78674
90352
74649
98588
102602
72710
113210
83844
104000
114339
86474
99172
103917
104315
86998
97496
76990
77339
76305
82858
85965
96278
78639
91031
94885
84569
78370
97495
82884
77962
74614
75872
82631
82607
79219
98031
97388
78250
65791
68385
68492
61727
49477
46409
49400
50324
65019
52649
48978
76775
78174
81255
71706
85917
75140
55929
50525
85537
49954
52650
49451
51050
86734
74865
84391
89763
71239
81273
75367
81787
94068
54067
81041
52282
50682
49921
54306
52842
49759
49857
81727
61022
79157
49971
93512
98160
69014
85268
77544
60779
82906
73483
69557
55591
49898
1929
53712
51436
62532
55088
53761
72120
50050
66519
68991
70798
68980
83280
78848
57548
79147
72461
53850
48970
42225
42827
80579
76868
61240
66727
67387
43827
49052
44864
68158
50121
42829
43214
40770
50266
45271
43647
45232
42389
64913
44364
40385
41948
44276
40417
48870
60674
82724
76024
68597
81052
82700
72823
66129
68666
48175
79250
47577
46523
87477
83014
61630
69384
227058
86556
101148
86423
89589
90942
86040
85649
99646
91879
100227
97658
95256
110010
102213
95224
107592
102940
93737
103287
100807
119142
96630
98799
101858
88678
105323
100107
89226
88876
92893
104787
113338
100592
85732
112552
88065
86816
100964
104652
106674
103430
93726
81207
105070
94303
89465
79444
83278
78604
83930
99838
99443
75630
100272
74298
103680
111468
75350
87462
78779
76048
87699
92396
81238
91512
82911
127691
84804
88229
84910
88003
76986
78950
104632
90916
109515
1985
96113
90559
77326
76867
78959
85482
84423
76949
76501
95388
97496
87610
82173
99318
77907
98390
81304
79940
78345
76461
141588
95047
103341
101341
120215
127753
92765
108337
99275
95979
99509
87493
93058
87574
89732
89634
90905
107838
107291
136057
89137
99475
105885
98950
2063
1681
1354
1519
1675
1500
1310
98799
88509
2020
1547
2310
1339
1281
1527
101788
2220
119581
95626
104034
1906
120023
105770
87176
88531
101087
107183
149920
119472
107482
9025
85998
2015
134721
87693
90074
105147
1804
124082
114973
113670
86910
1734
1592
109095
2252
112733
112119
1992
110286
88622
94530
88745
1925
105364
160075
174512
136950
9372
12056
12753
12614
11698
11190
25589
12488
11651
21532
13806
11900
24202
128769
91148
107015
118846
116605
232805
206854
285506
110133
97554
112838
98193
101787
97143
82330
100440
108316
93448
90929
1935
90335
112718
101613
1914
92825
93697
93420
114711
103752
139264
105551
6111
108652
105779
239308
21536
29589
22322
22570
13185
12399
12187
14676
12398
22475
9667
8076
15616
131115
118202
100181
99299
90304
115301
103988
115585
101643
2374
1561
117032
124577
119313
139224
103002
109510
128560
102524
104220
120819
1876
101835
125971
1739
122558
91916
1794
92415
126985
86998
96076
90851
77918
80394
77769
97673
88858
79243
74245
75508
95260
96541
100886
85995
97706
88900
103544
95483
102305
86923
108240
158131
144819
93124
101893
106972
98686
2054
104566
102505
87370
88520
89317
86750
112981
103059
95343
109059
98306
91596
108714
108182
147341
124961
1930
99974
95393
108172
87411
90247
109401
77269
74528
86230
95402
78143
74837
76776
82629
88396
102840
87261
111986
91598
93134
99297
87219
96458
103224
86497
95000
1907
100474
15715
108520
97981
88388
89551
87443
89223
91454
94708
88351
92748
99590
98874
165297
12951
36240
14854
7963
23003
13294
11854
12346
12372
12172
12315
12020
2259
34086
26492
22539
17891
37924
17164
17162
17163
20831
13761
45392
19676
18568
22952
22569
18443
23877
17652
28428
17230
17713
17584
15375
21480
75649
117052
118930
141311
105948
94252
105413
101358
106461
98454
89475
123353
104872
111787
124165
109101
133880
2207
1453
176519
170122
18400
18861
16136
18936
14645
40854
31306
18279
26729
14544
22460
27126
18088
17749
16996
16868
27027
14111
31554
27999
29836
16779
27448
14471
19576
96646
110033
90399
92764
91180
92281
1993
131380
107863
90347
102000
116910
118019
17636
16345
17592
18421
16797
17542
38101
18028
17681
16469
28696
15158
18670
15828
24918
19539
17107
27036
37865
16031
34840
18616
25599
17255
15686
50077
49182
51185
48555
49321
103014
83712
103303
90255
100877
100412
103307
89625
94666
87670
94929
96872
89723
202724
192338
318091
120448
95861
93242
75120
80483
74492
104524
101895
87473
101383
88218
108441
99421
110330
90129
102126
116969
2025
98275
119046
108919
105202
1818
86806
91793
91606
94738
85600
83812
114445
97647
99093
116488
86221
88931
94114
102527
77831
97950
86992
97775
92817
88542
88357
90929
93462
75218
76397
73179
113581
104378
96023
83403
118344
79395
80107
75369
82828
2045
89527
105260
95799
92225
81060
75153
83294
77516
88475
86959
106400
103334
77215
76033
77446
76178
100637
88848
102546
109391
112028
88605
107613
94121
131262
103942
108667
89479
101921
89954
95716
89824
93314
108910
101772
87539
97458
93175
89105
88088
88466
87231
96439
114458
120963
87459
90999
87996
89695
90094
93396
87177
88764
88131
107502
109596
104287
103099
86006
76157
87683
75469
74733
76434
123060
115651
86754
112503
94020
100677
110738
229125
95185
97060
99632
91671
98368
96623
92469
102404
90063
105523
103381
87786
91427
73258
75718
111652
83969
82800
74790
75848
76510
94616
76827
79113
97759
86380
92809
95514
77127
88210
102396
93972
98593
149608
106298
118858
95386
97509
79171
106482
100016
108261
96035
102992
129478
101043
114391
115046
90277
80812
125446
106654
96746
90135
96903
88317
95327
95928
104354
86124
94108
97210
78743
78180
121125
92328
86794
87560
88492
91314
87941
87531
88757
101066
108792
112313
108560
103395
90494
92518
87995
86699
83602
75544
87011
102902
89896
99610
94848
113761
86631
100796
98598
110554
87081
97788
85032
118568
113959
103393
110155
100097
89441
91616
82238
99864
82663
81127
75368
96198
76062
92528
89584
88762
90152
78095
79774
92120
93962
91104
94031
99384
109075
99812
85014
88702
91748
89864
97389
99535
92542
90253
91222
87794
88441
88984
95481
94652
89492
94544
89959
79086
78307
78314
110397
99452
92782
93787
89568
84922
79458
88548
78964
80253
77084
74628
74042
82945
79636
76092
81478
78875
81692
78750
80635
102220
96569
89148
83646
80321
77124
75477
84984
77341
100476
77352
81304
117362
83711
79704
81288
79071
79033
80741
86038
77347
92793
99264
83774
82631
93204
77798
79739
76896
86003
79302
78570
79421
137457
143066
27479
27919
15254
21248
15410
33570
21053
13791
11950
11491
11342
11511
89632
84098
93294
91273
90677
109813
93442
101329
88442
90695
105126
96310
92033
116569
92996
88281
90602
92033
94630
90950
111706
92025
107002
87798
99320
89396
115918
84945
121791
100377
96451
111816
109658
100829
109481
93094
94349
115193
101136
90693
99975
93188
94088
89326
90272
90620
163952
20573
18334
27058
18313
17830
17788
17068
18871
17510
18689
17980
17759
98103
81473
80870
82459
75009
80739
81838
78585
80472
79823
79354
78936
80337
80403
79360
72894
93950
73268
81474
75961
89210
74417
80680
79096
86561
80810
79376
79636
79786
79852
84916
81480
80234
78696
79393
15430
96220
60184
87247
78781
88435
77958
83128
79407
88671
2695
149112
87235
89315
105288
107313
210936
186477
95958
108949
99990
90094
75999
83136
79640
93469
101622
103154
121541
101814
79611
121876
82887
111164
91506
82875
88150
80679
87222
95562
92914
104432
97834
89552
89541
102837
78178
96254
77188
74575
74589
78070
76005
74609
74051
79745
76050
84456
102726
123391
89701
84867
115140
106108
99274
101754
93711
111821
77497
94902
90078
81431
94599
85988
100868
75846
76008
91232
76123
75949
75240
74917
88139
98378
81291
92689
76708
92639
85891
89790
90461
79910
78691
90452
93257
104865
101172
91954
108575
104749
79019
85286
87330
76772
107444
106910
98221
98788
95945
63685
78863
89637
88509
84569
74897
89624
84589
95058
105793
91025
98186
98623
95896
83410
89567
79362
77491
105636
108026
92960
83315
88397
89224
98154
82313
73801
77413
62728
97743
101937
93257
84000
75717
81387
91052
60677
79184
79107
62371
86134
101407
115201
117240
77301
81100
102898
82437
76422
78874
90032
81270
76454
87389
80740
94770
108543
77104
74439
78160
77283
78822
76948
80523
75670
85967
91984
89675
125985
12814
18472
23727
13448
12136
20925
8795
20052
9800
2033
13487
20954
119225
122331
123326
86602
121411
106214
126176
94912
102039
93990
89331
89179
98737
89845
88665
106926
92464
110921
113554
85377
108538
119004
106653
110519
100508
106118
89991
95717
101269
88900
87745
89706
101410
117060
106251
97322
120887
101350
84221
83483
94604
92742
78407
96569
83098
75582
78299
77397
102249
95026
106451
100217
94829
86905
100310
75146
81797
89894
89271
85128
80799
84807
75737
104283
92544
98824
95580
91442
86415
88527
87555
77419
75288
88508
80303
75354
81915
80303
110938
103378
85481
112992
108873
116775
112213
87864
87414
94686
91182
114122
92262
93626
77385
74836
84293
80776
74215
95907
86631
91205
78630
78478
141967
106709
126349
108951
100071
100856
104397
98533
167894
138071
12737
13757
12543
11786
11520
11526
20029
20206
12978
13808
20080
11521
11485
113910
93024
96892
92513
97789
101092
94468
94934
93130
114353
86237
90548
111738
98611
107410
109897
99639
87796
100016
89607
92044
88961
88400
89460
92009
87562
87648
91343
87040
86930
86161
88452
86053
103576
83793
104079
89856
91324
116679
101306
89645
87909
106074
87266
90709
94202
101890
91092
237533
222993
297352
370790
89298
89064
94905
87016
89926
101505
91976
92561
99415
82433
107584
106974
120753
98582
88521
101618
101431
88430
111588
87852
110389
94948
88282
85190
110631
92318
95348
101873
61977
78914
80572
77197
75671
106891
86529
87332
86035
90461
95781
87911
101610
95834
102907
117719
80394
86157
97778
89146
92211
104132
86581
90916
94308
92777
85701
86810
87690
102205
102118
86213
83599
88636
96483
91971
86367
95175
92537
86402
92894
88181
87856
99071
2693
91304
109665
101198
94515
104441
87522
101208
95457
86233
76921
112844
94577
97537
93086
77433
75325
101292
78050
147027
107937
131656
80999
96149
119834
110192
118410
94803
82555
82475
112100
86679
102694
105111
84033
86151
84210
75974
85546
87232
74295
106824
87001
80497
95184
89659
91599
74500
74321
77181
75913
80017
101233
78832
89534
100502
113530
86479
100774
87036
89087
84645
80625
75185
98345
117414
106376
127089
96891
99289
99072
83423
101320
103241
78565
84273
75761
90937
81645
90852
75660
78443
82108
91004
89700
118147
89461
102272
99033
100854
107011
86793
88460
86098
94090
92471
88631
94719
91584
107622
92974
103615
101875
90046
100078
101994
95284
115097
93548
104269
89326
113235
105982
91292
92773
87243
88171
109119
85352
90085
93686
105767
96214
98173
90952
88394
87644
110544
218232
201574
282620
115361
96723
110493
98253
103130
80640
80207
84310
2127
83739
79003
79192
82054
84820
80933
78688
75491
112139
79133
89080
83607
95230
83563
77155
75114
100385
98298
75607
89289
83531
78977
76347
82859
75362
74354
78884
82989
75098
74529
74964
74483
88023
76832
74657
74677
75794
73250
73821
74690
89196
79174
82532
89396
83381
1960
95346
119629
107542
106346
100928
78273
108719
88429
101446
102359
100506
118895
96667
100941
104696
104649
101374
78647
81260
82183
77224
88570
88494
89739
83846
97280
101083
88866
98031
81254
74862
79172
81118
78726
77203
78137
76815
77804
77974
76537
76312
74173
83797
76825
75938
79955
74754
74794
90857
93457
94588
79062
94702
91122
80761
97128
86910
77747
80797
81944
75561
82278
74605
74553
74206
87212
74963
75513
80143
96917
87943
88704
75901
78310
80628
81783
79494
79235
82742
85631
74888
78006
76786
75687
73216
75069
82512
78949
77485
78662
79027
79032
74737
118895
98674
90660
98182
87413
100490
76135
78086
77480
78597
74794
92919
75482
75854
77834
78892
86712
84504
78947
79356
78210
83546
80552
79344
74444
73988
84238
75292
79979
78004
78000
78002
76553
81110
76206
78312
78009
85536
83058
74631
79811
109378
93661
88239
74526
101062
87962
91193
78552
87464
102278
95071
82990
97159
89280
91537
76976
72883
76048
74742
102526
93598
93558
83472
85033
96797
84305
87259
81566
85169
97156
91124
81734
76805
84474
91907
108400
100406
90557
88887
97660
84226
88518
86103
79462
78687
77633
78214
62495
79664
97005
98780
62491
97340
95163
97078
83782
79885
101611
106316
99182
86234
100738
108268
85445
98451
102668
108131
102685
92437
86566
79582
84740
81791
75078
85224
97004
82056
78001
84073
92091
86281
80298
93013
90645
101640
107049
81325
75471
75552
89681
75477
81045
74203
74535
94147
84928
108356
85819
102136
87999
87005
85975
74896
77495
77527
81817
89535
94101
93753
87860
103871
105042
102399
97216
86324
80536
91677
106098
79195
95336
74173
75039
84203
80741
78065
108477
124318
88967
91306
95205
75327
92765
76778
93793
86163
82381
91629
88659
91886
98194
96474
117388
81610
108663
95788
88587
112785
92851
101167
87788
77894
83972
91464
77509
86321
98601
76149
75434
87796
80220
111294
92173
227884
148689
110985
86635
86892
112965
85367
101873
109663
92411
100059
116550
101830
123929
102485
110471
100468
104510
89147
100365
95199
88567
89034
94797
110135
94168
93946
90294
90493
87415
91805
84815
102495
86767
157091
92645
100880
98203
82145
87145
88461
109128
88145
78764
78872
88713
91402
91947
97945
77954
85924
95475
98792
106902
109625
77821
87814
75452
75100
89967
77577
92302
86879
85609
76024
115657
84115
96498
86974
113666
12393
11669
11639
11011
15991
9305
20984
17536
18863
13648
20341
12654
11390
11024
77696
73126
108748
95022
100279
128649
90042
112008
91536
75313
86466
75124
89789
97924
111968
76592
76660
74680
74398
129942
99741
112596
147230
154340
93548
80917
80316
108710
86842
78275
75887
108717
81647
113386
96030
87791
62134
77749
76273
78569
79804
103837
78891
89562
79500
76645
74187
75053
90306
100342
116002
83906
91249
116393
85508
89297
82964
90397
95095
91947
93176
93830
79889
111988
91067
79839
81722
82166
84751
78759
91276
82250
90875
88656
89510
61869
75556
90165
80174
76083
75859
75057
80651
75328
85387
97635
75844
83383
85792
85614
94697
74417
77226
77388
80272
81898
97853
83237
86821
74809
88773
81313
119064
91052
108252
98102
102977
125324
103714
116872
104175
102703
90161
94814
84566
103798
88792
100181
106191
91948
91614
97856
88656
111636
101003
108817
93913
91215
95110
92220
87015
112501
95597
88099
105820
93943
89044
99576
97209
101003
86728
88184
87305
95452
94871
85375
88157
92856
89600
87391
89846
87413
100988
89138
96860
93117
107240
99821
88334
88792
88334
76673
80020
74555
80123
86743
81670
90021
80493
76708
80609
78852
84909
88753
100383
101170
90372
88153
77563
88612
84813
81667
77965
79858
84076
79559
84463
79791
73205
74808
75584
76744
79804
76754
90512
77618
97673
136502
117646
103889
129426
118814
97440
101580
85727
106538
105880
114744
90092
87745
96637
92780
86882
88393
93252
87568
95990
96498
88413
93569
128844
87013
100348
86101
112119
94953
103297
102117
93443
124762
87307
94282
107919
87127
92143
96685
92311
102804
107561
97492
111677
89387
95211
92094
97997
92410
101358
91493
87288
86996
92621
105970
100635
97768
87330
117853
92509
90812
99968
97076
99594
106395
89420
95217
91437
106151
100017
87790
99304
88460
94798
86733
88433
86183
78209
78479
79071
95454
118032
109890
86698
83372
223202
207359
103699
105983
110997
98390
97850
97398
101973
101772
93075
103913
102235
103957
92516
86523
92632
89021
117789
111066
113443
132961
112398
97532
92797
103364
91827
130180
94522
101486
94804
85871
88239
89125
101885
115261
116211
101435
103194
87671
106607
89861
91946
103151
88791
88312
91218
96746
91796
113295
97912
110710
103044
107608
113533
96990
99403
98292
88609
86490
104907
103700
117611
110487
92004
112661
100128
85221
75158
74602
75836
89462
78187
77347
74654
81955
98377
80914
99808
97473
91341
77200
83479
76672
75418
79663
88076
113110
11722
11728
11428
11557
13542
13058
12382
16387
13875
22725
14943
8562
104733
96422
100506
93320
103401
89313
90078
112876
119917
177009
295804
275416
308825
393264
119255
113453
96553
103796
104232
97213
105686
100688
91299
108880
86299
95935
111024
103814
95898
111533
99611
89148
88781
88504
106061
84294
95309
93671
100295
103982
111881
92091
104294
110979
86371
94882
112909
110201
109430
109815
95493
96709
91621
118042
84959
84725
112717
87036
100450
78608
76658
76567
89395
77881
77844
94486
111043
84155
94218
99673
108994
89576
66051
99240
94618
88311
88281
92095
110316
88305
96814
99557
96110
88854
87101
87685
85535
88580
98680
107545
113105
83964
89032
86060
81285
84350
79446
100881
90412
88524
97045
105592
120312
111265
98233
124878
117193
94467
95870
93037
91232
87254
88254
98826
91453
76749
76445
87712
99010
92535
90049
97687
100838
85674
89445
101016
104282
99495
113117
119908
109346
107453
104085
106724
122032
90929
109621
93736
104235
118186
118079
116724
112722
109391
99095
84611
76538
74466
88889
85442
78248
76376
74576
75450
88273
81527
75617
75163
95182
83588
98453
79041
76175
112609
89105
156062
102933
95171
94051
89129
87913
96342
89051
94967
86538
86538
86863
94632
88473
83003
75114
81063
101930
99474
84422
82932
77313
87233
126532
111697
119304
105559
110002
105606
99948
87603
94120
132822
106400
102522
102845
111487
89866
97481
89178
108427
89266
88412
89292
111311
103689
93937
94267
124596
102148
105595
97151
97032
92543
94677
104686
114887
119352
92773
111860
124927
90256
206980
192828
103792
84633
91595
98069
90387
88666
87099
82673
75594
72769
81796
84745
75838
81095
99154
86051
89451
97548
130865
90227
81648
110117
132567
96340
117449
86617
92024
86574
87104
102667
101939
96467
87761
104793
87853
90926
111045
99859
88902
92946
93115
91093
88468
89526
89904
85500
89330
88423
88547
89562
103027
111867
125320
124668
120420
100193
97286
93278
99104
106276
88498
91302
101178
96151
95161
89005
124586
107799
95962
126699
111358
87357
89986
103003
77754
85854
86229
92482
88608
87234
101010
107017
99171
109658
101302
96051
101053
88302
98368
102371
116407
86146
99679
94768
80697
80037
81249
78204
77951
75473
75616
75909
79169
98515
246023
216850
88905
79871
86877
89101
88709
88289
90162
88209
89426
86776
88009
94766
93275
80361
83583
83223
97825
77333
96394
111692
95959
109422
137268
108981
122827
99611
114236
119581
96888
106689
121463
97647
102811
121623
123368
93675
93532
88014
101131
90388
109811
126177
127171
101523
110964
102076
127299
109111
96132
107528
100445
109720
108649
99593
100100
102502
108587
114269
175937
176524
270124
100725
112681
96903
110521
102633
94960
104143
101592
90770
101944
103856
102973
114612
112735
105760
117578
101677
88771
88258
88054
86952
88155
87617
82918
94783
82099
85256
86919
77269
83180
102417
80651
108268
106794
86852
98060
78290
171044
29129
22856
8766
12904
12657
13423
21238
19686
14549
21189
14260
12815
12848
84546
73088
79223
93794
113192
79248
79715
93731
77741
78650
75096
95442
136624
103866
115997
98140
96754
89679
80922
100378
94044
95418
96004
85048
78189
78919
82658
87986
93991
84186
88742
85714
80374
78355
79620
75681
79130
110268
77848
78262
90641
79497
81448
82328
78816
76830
96119
86059
81259
84897
83607
98875
83713
92400
99166
90679
94322
95802
103744
98635
76612
98484
107205
98455
101480
63324
77552
91681
88391
102488
106145
116273
94581
74955
89765
63048
89505
97929
79592
89753
96040
83478
94717
100597
104729
84061
81331
92865
78269
96158
86301
81064
83082
80781
74978
87474
65304
119220
95300
114027
86945
110931
85401
83927
94021
103618
97455
78083
79072
86241
82122
100972
107943
150601
148105
108412
76584
117678
98481
103394
93719
87523
76505
79730
81076
98894
114425
118194
98571
98594
86483
97648
80723
86508
80582
77748
79682
81728
79752
63261
78295
101300
94900
112068
82142
106720
95389
90817
108469
104323
97705
78419
82305
81299
76960
110353
78881
109108
98043
108796
101484
88060
61597
108304
81495
98370
82434
81364
80454
81795
88556
74174
83813
102279
90760
80328
88661
95616
84314
78584
87457
90197
91283
84152
106321
94804
85589
96329
80435
73995
112094
97554
92406
88823
87416
83220
86949
113840
99719
76059
103920
106087
92607
81073
84108
107954
105436
109625
77831
76489
77945
76891
75128
77891
77576
76791
74381
77447
83774
75680
85444
84757
74570
62243
77192
74135
75422
83749
78419
78295
107597
108112
82190
83620
81001
90240
96314
78761
85482
101854
80791
95737
94654
82603
80095
84253
99174
114722
94604
82642
81121
96200
89263
101713
91497
76650
84988
86847
78780
80481
75800
77111
74899
90889
94121
107496
109191
88875
80186
100639
78402
88928
88855
71843
76640
78604
93999
74655
77195
75067
75410
78093
80284
79828
73016
79174
77759
79215
85123
92598
79271
76729
85668
81278
76542
88838
77180
87368
75756
100216
106408
96979
84250
91570
89359
90307
80340
87301
78189
78991
97454
106963
84557
107297
99527
150691
96854
92999
110991
86900
89578
94418
93269
121035
125101
96545
107806
163157
12867
12914
13557
12047
12230
22154
13842
19188
14720
33483
14753
22823
104236
109043
116642
101484
90580
91305
89377
87584
91103
93165
88019
85962
88101
88426
96020
89969
91256
92125
93742
95522
116313
80139
88199
85085
84539
80237
77994
84264
78925
80678
88301
62666
78624
99282
77012
92088
113119
84743
86430
95800
78025
94915
78459
80118
92880
90951
236463
212245
275930
85453
79775
82561
86969
81515
96258
118468
99833
91722
103502
79794
83283
78692
97853
119968
115863
100299
105565
96621
96617
88284
91019
93670
99432
88615
114251
112693
88788
109226
117587
88687
97054
87198
92851
87948
88093
89632
89741
102092
90466
90612
91066
88047
97287
95051
92776
88848
115833
91712
90010
101235
94853
89994
89880
90887
87644
86556
94140
91836
102998
121350
104542
115928
102699
104362
109781
89710
89959
127007
103754
92991
98777
89991
91401
90069
92333
91311
96262
98843
89849
89625
87373
79566
77336
77895
90782
111896
90074
108868
111782
123832
95113
99226
92271
104122
91553
105184
134910
101981
113091
104089
97750
108242
93659
88372
105007
102428
118361
102670
113730
113592
116825
106786
91672
100704
86449
115054
96197
109134
107926
108219
100652
114566
99770
91043
118554
101452
88339
115007
101857
111043
102866
113771
103027
98457
109044
99397
125916
97748
104629
109530
84551
100285
90429
89704
127204
106647
105826
103611
92433
117505
104977
110688
90036
113702
95920
107646
90777
106346
95150
89325
88429
91537
95919
89459
89027
118313
86540
87827
102188
92707
89164
94959
85246
90740
102749
88403
109032
118020
102304
85658
87149
92907
88700
90889
88867
139444
127701
129992
132817
134581
135575
103847
131171
116459
153696
125642
108952
119712
112597
104278
105209
111061
133729
120145
132684
119771
122434
109289
99386
125872
97168
87935
88081
88104
128610
106901
123162
144834
137260
96964
85499
112038
93722
79563
77565
80435
77737
92547
89453
79363
115072
81657
82029
80396
78668
78531
77176
77492
78852
77681
93416
75959
88261
111976
76621
97415
93754
91634
115117
88056
87400
103127
93436
96898
78332
130481
87307
113784
93923
86785
97836
108080
84387
81784
86757
89175
110298
79698
97886
94313
91151
92194
76854
87880
99569
105126
100608
81153
89363
96075
87291
94656
100153
105281
83989
88610
81983
82181
102387
86812
83488
95643
99586
93597
96671
94050
77337
86598
99248
97060
112924
100109
73940
89965
78519
81265
80916
97879
89239
80800
101003
89583
86647
91692
78568
98924
81255
75374
75155
89857
89048
79746
84693
96150
81610
75719
103117
95296
84647
98598
84299
86004
87859
85668
86214
85053
78908
74392
73642
76240
92121
89879
78402
92898
99559
95762
91146
71966
97510
81837
77065
81704
76279
75441
82866
74296
98708
92639
81269
76696
96637
78349
86141
87774
89077
95923
77577
93473
79749
75806
77351
88074
86984
75651
86330
83182
84635
97610
89209
98385
98673
95830
78138
76251
90224
89469
88724
86072
91034
79664
74914
86429
76688
79876
75293
90431
79647
85755
86306
92649
106174
90337
85293
107994
106268
87883
107968
92897
61858
88011
73196
77106
87725
75347
72865
74135
75722
92703
98979
87097
96468
86582
90986
84060
105299
85044
89789
88210
86743
80904
84806
82191
79855
87527
81619
77631
99286
92001
107424
73196
97327
112142
92560
80772
85311
95766
86400
79093
76301
78518
90420
78276
98106
91073
86888
96531
88168
79926
99109
81470
80996
82624
77574
74729
73719
79082
80447
77719
94947
74466
100938
83647
88542
78326
87039
81750
76165
74853
78146
80422
83672
78136
94144
78970
90091
81087
92531
85105
76219
91246
79749
80756
1955
1578
1366
1351
82955
1668
1280
1485
1441
83129
1572
92070
1754
80838
1636
1430
1380
9040
1331
88777
85265
86428
83430
85020
79456
75120
81624
1787
78977
80442
1896
101137
78807
1882
78073
76342
92843
1533
89514
81405
1778
81287
80214
79491
102196
87276
87582
1969
1402
93150
79238
1913
78460
144399
2049
89554
81771
75951
75408
74653
107623
146038
91397
88470
118229
100748
1984
94084
97711
94341
94393
97098
91488
87605
85854
85911
1718
94954
87632
87970
100014
101598
1999
96502
88513
105754
88655
91023
1984
2268
126720
118573
102132
116615
117176
100313
100221
89349
94328
87245
106216
91693
1878
118800
86145
128765
125008
135962
84900
107849
89569
96033
77471
82649
77649
80123
99027
109803
92998
82827
76411
79205
97988
2049
80372
92715
80087
255165
233661
298779
90297
97885
14950
87166
78488
1762
96954
87146
93655
83261
84361
79220
76094
75629
83394
74262
104004
88505
106558
100318
101451
88324
102305
85066
76215
71584
93563
104130
86165
90358
88588
99685
95243
94026
78589
76693
84599
107241
96992
88396
82873
78490
78520
75014
91317
78596
89125
75042
76332
73790
73930
75495
75170
81810
91020
101122
108776
129820
93437
101681
102050
112701
88570
107209
112513
131062
92412
92520
96757
102603
102479
105216
1900
113978
142543
94245
109394
100727
87698
93614
91838
89937
94474
88775
90850
86126
87765
105277
90713
114626
102909
106465
91231
100782
85616
89146
87588
84219
84927
85136
91739
95448
90236
88435
99498
87713
74670
81408
77243
72212
76571
77386
74017
76915
1944
79745
115403
87980
91938
87928
87242
102499
115311
86799
95756
113875
94830
97200
98737
102238
98041
103995
116916
95984
134807
91302
107319
101249
82805
93337
103246
100072
85716
97098
98461
98758
89196
106514
91506
102178
78227
108557
111586
103648
122106
102298
100795
114844
102093
73971
89401
81409
86650
100637
91022
111855
124572
112072
101105
98673
99075
111242
111708
91875
97605
86948
88478
100276
104675
118863
114097
110043
120833
118029
116028
99119
92935
89621
85982
101907
85628
88875
100599
91602
83059
88733
80085
2031
100265
92683
90381
87959
91806
91288
80108
87273
98111
88594
93487
76297
87741
75694
85051
76512
76960
80611
84586
88298
75915
86825
1836
220605
241788
233679
241001
105185
142831
108050
103279
100230
102569
110622
124803
112658
155950
119514
97286
119050
114559
192910
170703
101568
88190
87211
91906
89068
86834
94298
108753
104509
86120
87466
90730
86974
84915
107972
86720
88401
112507
1848
90603
96847
111316
114803
88335
90828
87745
89688
135285
107675
101858
96551
93960
97200
98295
99061
110802
89043
88860
104063
99469
103908
102420
217601
149522
106249
87269
93935
87322
76714
97317
96882
75619
90093
92841
101290
112989
88165
83656
99644
102850
1945
92400
129341
82140
76597
79576
77559
110142
94229
123284
101223
88470
91112
88914
91722
119860
124499
104927
101047
244867
233328
283719
98807
102020
103327
84847
106503
109085
120131
103451
99069
106736
92073
84580
87867
90060
104932
95298
87497
78652
108719
102053
97567
99954
93651
103099
99960
106084
111407
1805
109915
108252
88420
87939
87260
89965
103768
93469
108605
89720
87552
101417
94365
109560
92854
85490
85824
86487
85240
85635
87448
104232
87755
112837
117889
97020
90632
110169
104522
112848
89678
92528
73618
74750
112358
113430
132476
107953
99742
97749
106382
86859
84518
97262
76538
74228
81963
75832
73601
73361
102761
88498
88388
87661
77584
104405
97400
118034
14316
14099
18239
8850
13856
12264
26360
12088
25491
13347
13471
22590
83808
105271
130216
115423
125262
101010
92633
102379
98597
118803
100673
108600
97674
117280
88865
90800
104272
104299
105856
113810
119390
108939
109030
94077
94583
99667
99498
88439
109134
96441
100500
92276
89711
97378
86435
87957
91115
99111
101819
93203
97876
93356
119566
90855
99457
87648
99253
114966
97504
114505
88812
120459
109511
91404
96024
77204
78001
87696
75738
74438
75005
112114
85897
98535
106427
112670
228388
180773
14793
8657
37379
13539
12271
11768
12788
11818
12948
19732
19556
11829
8340
12336
8247
82413
81710
88684
109769
79642
111741
101259
112884
88939
87715
90523
117787
100467
93910
104978
98911
91045
98556
107222
92054
109642
87561
98255
86585
113049
106811
88456
87858
89594
90032
109944
96864
88153
87436
114322
104338
87671
94989
101166
100800
104429
88419
88072
127689
92009
103166
95029
117139
97800
107181
87212
118238
99627
107685
107769
113786
88718
99543
90728
2075
103446
89014
89839
118107
1826
120194
89894
132707
103082
111164
107982
149348
13119
12204
11484
22190
8473
14127
17286
14210
14328
13628
20408
12528
14238
11442
83869
121566
124663
85645
128435
87133
103242
110865
95154
88202
116526
124314
105345
80313
94471
85739
130040
93925
88574
76724
83029
77571
93208
97072
75965
83471
85378
103874
97939
86140
96854
102857
122301
103901
109651
121342
93583
103168
110707
118761
100142
115653
99764
87741
86784
99599
99988
96462
92896
121071
86994
104722
108773
103413
102731
102477
98672
89380
90432
103769
103989
112823
112689
116758
88265
89259
88127
98797
100200
106769
92111
114507
94343
101976
95034
99296
88104
92134
87433
100822
89557
92288
88775
87674
87744
91281
87414
87314
87591
87291
86453
83849
87900
76689
74690
75872
88015
86610
108538
90150
89773
105533
74606
89104
78647
74878
81942
77350
77606
78007
87525
88796
77281
90409
90075
88310
84730
102109
94753
98419
89440
88945
89064
88532
91089
98299
97668
96918
114517
120956
107989
126686
94216
94647
100651
110890
98519
93223
93545
88324
103985
87144
94555
91890
107016
119034
112457
85394
106952
95169
95312
90070
95058
86629
92005
87659
131621
109588
108308
125468
85671
111856
111766
114576
80557
95738
94475
88599
75903
90205
96395
100368
95368
87670
100231
116482
87324
91746
116280
98908
102398
136302
13946
8527
13744
12954
12681
12100
13383
30658
9554
7516
12214
28088
117343
2153
95604
101600
89591
109015
88275
85516
81335
84014
75784
79065
77802
88592
84372
76729
62843
76054
79008
81923
115624
91163
93252
76078
87795
107727
76203
79181
87902
87820
73848
85930
80089
78209
77788
80300
74387
74412
74077
89110
74765
95612
82184
89409
84700
96504
82797
97029
79603
75529
84196
83869
106932
86873
93729
87639
95630
77283
81965
83651
81766
80408
74300
83593
78064
89007
117884
85085
103874
88140
90033
111734
107153
84682
82931
91005
75867
110391
86015
79172
91447
110814
109863
103016
82152
85417
100880
77419
63300
79773
93768
88982
74924
78357
77048
87048
74796
100212
109009
91781
90460
76977
85858
79349
76827
84915
78951
76927
76754
84043
73666
74860
75475
73215
78723
76404
77213
102894
85264
98255
97233
78900
90776
89419
94007
83645
75118
75825
75618
82934
74607
94896
60858
84904
77003
87019
80747
74208
83621
74241
74466
74240
85227
79812
75045
88008
99611
79374
88967
2053
95049
90778
81899
88500
75061
91631
78710
97314
76429
95995
85751
110611
90500
80838
75880
86342
74721
74332
104579
87551
82256
94589
87072
80932
72964
84351
74673
74830
89517
95968
93872
85075
79272
86541
76572
1931
103857
82485
89317
99967
75018
78175
99548
91342
76170
86225
101448
99242
103124
94989
97444
78950
77517
85487
81311
76347
77905
80762
91384
82019
116267
2070
113474
103591
110265
97856
107965
74313
91616
81797
76341
89822
79019
85382
87573
88091
80769
74678
72930
74301
77828
76150
74571
85554
93529
62040
91643
80922
92915
2024
97025
92294
85143
77798
75109
89000
84092
84876
85896
75428
123393
94936
100249
98288
78081
93476
91276
89303
88382
99162
87022
106538
93136
94219
87898
112172
103595
94428
114968
85581
103833
84851
81897
93721
94960
74020
91804
104254
98439
97793
79869
102609
106177
90472
83447
82795
79244
92503
78068
79511
86382
98305
87935
91971
90778
93558
85632
83438
79827
89046
88756
78283
94454
81046
84456
94408
83309
97901
61850
83164
88093
81129
90857
87258
76004
89745
84449
75123
85842
84147
73606
76415
75435
74767
76408
74700
86152
72421
74353
77390
75140
74165
74213
74475
74715
76126
74741
73443
74996
74620
89535
90502
75563
100528
91254
79935
85628
76664
86777
94385
74199
101475
121822
125824
75760
88666
91472
98914
14856
81388
92728
81521
83710
76078
105267
81730
78515
89247
90701
89018
77847
112594
73944
73964
82243
73713
85764
75916
78151
73771
74641
75521
73086
100538
102772
161598
105883
86553
99316
89452
87970
113525
117475
106233
99847
88013
97715
97484
88220
94576
108555
86672
90129
96292
105935
88224
115568
115600
103627
109740
117272
101752
95949
87656
88170
101234
94383
101721
90848
100902
114930
142880
88852
112225
91068
92863
102184
91825
100171
88207
84058
79938
2691
104182
108912
87845
86922
104653
122938
90924
76662
97378
78382
77750
87404
93148
103823
83211
105553
101537
78475
86712
96329
76423
84514
88835
96666
100594
88236
75150
75547
114587
85563
129856
122693
109619
87473
91962
97772
107611
85756
90190
90357
95366
87091
84915
88280
161419
86985
99775
98499
112359
106583
94092
87693
97711
107440
107571
88228
92231
92224
97167
87238
91258
85137
136590
2325
131913
107503
95144
103806
100946
122822
94459
97478
88055
96042
92946
84513
90128
95132
102510
100690
85141
85773
110118
96519
97656
127367
24012
13219
12068
12692
13033
11973
11409
11727
11494
12267
11509
17887
13316
12004
12378
113850
111696
93302
94340
110127
103048
77599
74960
76463
62850
74927
102396
64780
90625
103059
114887
103739
99585
96971
82026
84717
77646
77890
79270
85036
81041
71632
121676
93655
100762
89870
106624
163434
168461
99736
98873
93305
96920
107131
93125
103469
90126
99448
87738
100765
85975
95217
91263
101127
84923
110604
85001
117963
96761
88282
107364
99740
118988
108324
108910
121728
105488
94868
100995
100440
87416
112373
88039
85701
87536
108893
100627
84557
151894
124226
12977
12939
24174
12383
12173
18186
11685
11975
11507
11647
14489
8708
24003
29692
14731
122145
114626
113038
102336
119011
13206
17180
12945
88654
123603
91883
117524
166823
114320
108266
90195
93124
93405
95419
90027
105003
86527
89606
101526
96879
79997
337581
366348
462091
413140
101470
95884
125176
170014
21112
12988
11422
11268
11281
14092
8248
61230
10457
23640
13130
16327
101367
82736
91641
91039
94898
95888
87092
113703
102443
123385
127413
85075
111271
122637
91636
96426
87077
95360
85050
88754
89778
88221
100349
87124
95565
89857
88777
103834
93206
112633
114123
87374
87725
91811
164117
164818
107039
100593
116957
109494
113216
107950
87957
112232
96580
110085
113180
96365
79096
78637
77196
76528
75957
80512
86287
127367
106929
178598
195786
270763
100991
131138
99494
89930
88469
167439
107386
112681
98074
102613
103675
112868
97684
82966
84833
109438
107592
87865
113930
97999
113982
100918
111693
96682
96252
77985
109823
106519
104912
88014
88633
117462
79656
130264
108177
108443
96229
101759
113220
97954
94933
94961
92369
86784
78837
77670
76338
92423
75526
83264
90495
87900
80249
82834
89437
85477
98423
114473
109667
110251
76131
108301
104197
93015
83915
76096
81954
97627
78497
74684
79439
77154
77773
75527
84626
75510
87820
80522
90193
90484
81798
87048
88489
76692
81175
75410
109991
89387
102390
131745
85765
81072
99054
91276
90787
78803
88498
82130
78619
88999
106151
96879
96958
91823
96216
95831
83558
88060
94168
86428
85787
81475
75279
75205
76646
93177
79349
82715
92641
94204
82463
88611
97322
92086
91413
88369
82819
86137
80982
75991
83040
86236
74440
73542
82509
94314
109580
102857
74856
100604
80900
88246
90864
91117
91064
99222
96383
77438
98282
102507
90539
105989
93190
103179
81608
94072
77398
85753
88780
83945
84439
77396
92956
114629
78545
85740
83390
85104
80815
88542
90603
77164
80754
76181
74564
76078
74474
75509
76616
75827
79033
77075
77956
97603
80717
94513
78675
95022
92564
88023
77336
94113
88915
112381
104577
97711
83590
64087
92079
76908
74326
114221
13800
11820
11526
11064
14798
29136
22079
20381
14287
12297
12222
10897
11771
12293
71935
68922
70911
114905
80077
74393
79110
78270
88589
85820
74779
87744
79468
78143
80270
78606
79158
85666
92735
81541
106675
89515
89848
85763
88460
96807
76340
73280
75041
86330
84938
73049
75002
78432
75775
78793
79477
80952
92866
95540
227871
192728
94853
97972
82241
76853
80054
74461
84373
77902
85021
81077
76120
75518
75410
89709
81797
108684
99212
88557
108884
84332
79018
78821
84108
79602
75927
74376
80364
78608
81948
78769
77354
78800
78765
92047
98267
93642
83205
104372
80581
85458
81553
77761
76355
83847
81448
74121
72909
75605
79350
79951
74916
76062
73444
80063
78899
84895
81104
76715
78834
76218
94001
79491
94565
91123
93750
108789
80418
90086
89971
87009
84530
81553
75763
78569
77564
73579
79077
76131
80269
92962
82805
116178
77180
103083
79775
84541
75394
81112
77505
76130
78798
75850
85536
79145
85746
80385
88683
87017
71811
78763
77453
77653
86329
98956
78726
81836
101621
88278
87858
81939
72742
76955
77389
78090
78037
85451
82500
80045
80047
75544
77038
74352
74703
76206
84218
83558
78607
115306
109345
84579
80398
109730
84447
75998
213833
12646
11725
11875
11595
11203
11973
12091
12211
12015
11505
11148
12823
11646
12956
20709
85486
108976
83973
91504
95338
85886
86430
87672
93224
87496
89415
86704
107742
109618
130121
116232
93364
103190
107544
98764
97326
95130
102879
93821
115703
99775
86551
89133
93572
86455
104857
110593
105578
94256
99720
97000
91600
93442
78924
93077
82830
99972
77145
96153
87988
75387
83668
79680
92927
84423
94011
106039
89227
107631
86460
84167
81592
79243
83802
99079
87237
88008
101936
89989
81418
88018
84790
113720
107269
99017
74852
110946
78760
77774
99346
77869
83285
74788
78996
78512
93015
77820
77893
78598
99824
93455
88935
87260
114864
104357
128664
129230
127663
101798
91558
91999
130582
99350
95294
92498
103706
127950
115519
102662
90560
93163
87582
84363
87582
90064
90430
87336
89701
87550
91780
127981
104091
106241
97511
96588
110058
94348
115798
98498
87294
105176
87008
109117
85820
96655
122252
97196
107423
110383
99687
106024
112747
94797
115542
108768
88823
120342
108111
129695
116702
139122
98283
104173
180140
199875
91357
94808
108316
88059
82586
75612
75194
74811
80736
89955
89510
90838
100637
95406
96448
88745
91237
114978
102256
100793
88236
75037
91672
82035
88710
76807
62325
74823
81256
90148
74644
62263
75847
88391
115558
79276
86938
99054
96013
93674
93991
89562
94433
77486
98092
84950
92913
79695
79090
77840
75469
76286
86919
87574
83685
81464
75098
83432
79209
88517
74735
106310
78881
95431
91754
89199
103480
77389
77554
85983
87728
88766
80628
83050
97425
87438
89200
82734
89936
80153
77144
87040
76011
76063
75863
87050
82523
83788
80647
78151
86915
79934
75164
78667
75959
73336
91425
90764
83935
90317
90156
76678
75570
77824
96871
85405
75920
87949
77688
74420
98773
81380
103979
91303
96954
79861
84232
87984
76214
101922
84335
79329
79367
92263
92045
76378
106931
100856
77997
97547
77222
92049
92913
81743
88186
86694
81810
75082
75937
77283
78889
89404
77758
75164
85177
81057
94491
78776
77111
75394
79004
89105
81577
95329
82889
77654
82332
79462
74332
74844
74884
76043
73682
73985
75453
76185
80045
83634
79992
78919
104815
75217
103519
122740
85316
107860
82338
95784
85673
99527
94521
93600
83930
84166
76992
76666
90775
81833
75173
98421
96560
114069
94471
99952
101035
88422
89584
86688
86763
88629
78886
75727
81231
107662
92531
77390
76994
78009
81648
86807
96497
78374
92905
87708
96161
80256
87437
86940
77283
98304
87412
90194
96089
101649
73348
102684
87134
77640
94453
89860
102759
75616
113079
94354
103611
84917
114401
114196
89180
85405
100015
91557
123236
95020
99090
100902
94276
91204
118926
12840
12925
12442
12538
15755
9763
12947
28042
22775
8843
14144
9297
14979
71216
130204
92649
109329
97766
101857
114856
88157
115943
102298
108709
99918
93000
90674
99676
87641
88824
164540
125054
20934
11078
14802
30235
21196
8990
12062
12576
11986
13484
21194
12524
97750
78860
97201
111718
93911
86965
123561
107932
82232
96517
89572
102576
92526
86370
103094
81850
126873
158491
124537
88250
82685
97591
119383
96194
101191
91110
92679
80308
75907
107927
96005
108901
108078
117367
126223
415190
440229
530057
675904
681476
722743
398687
103534
89737
100565
101082
89489
84020
122641
99671
103636
108887
123317
100500
114245
112763
108179
101624
101115
107073
105553
87472
88651
112840
95943
109261
87844
116863
99333
107215
138317
135756
12562
12577
18641
14795
22925
13469
20812
19883
8405
44732
14049
136936
91791
96799
104347
108692
91139
125669
114701
122061
121117
87913
91295
104069
103092
101123
103091
92225
103152
126134
89631
92655
99624
112919
113696
90921
110263
76001
114367
146698
17535
16472
34657
15134
69487
158968
111877
107557
98117
111673
95118
106632
87001
90196
73581
88286
114447
77416
98157
111651
110851
111304
99181
90011
104360
93157
99574
88272
89394
89512
120136
101351
88953
103605
90905
108750
87597
113173
97540
90001
86938
99399
97340
96072
82549
255899
215074
101831
120689
122079
101317
92781
92192
106139
88405
89900
89587
107491
96997
100144
85679
92789
106806
87433
78703
77647
78557
90672
113411
93597
90654
77522
98266
89043
104792
91769
150020
153199
112094
90813
84678
94531
96283
90637
88632
87695
100608
110179
101864
124057
119706
99019
104306
83664
88858
85468
104211
105428
112089
92554
83295
63129
81676
90529
74293
76059
80167
79447
76565
134416
91400
100295
98363
88326
94517
106263
96263
108937
101498
96315
87443
76333
94329
79348
89924
89984
92682
121526
108273
87721
93703
88208
113949
109744
100037
104559
94793
103562
100168
99527
102364
101388
87954
97606
100096
105191
92746
109932
88314
96257
155742
145982
118728
88207
95958
89020
97235
100505
97150
104228
132670
87921
103714
115503
113313
111986
99677
92489
107248
99356
86087
264973
266561
99625
93389
127121
101682
107701
91999
108938
104234
88266
89063
86397
97151
107295
97855
102476
118083
73791
79704
89967
89672
88221
98929
87713
102158
105998
116876
92816
97720
81755
83119
86708
92630
95710
80050
99733
74293
98927
120408
105289
101268
99596
96258
122916
102820
120361
87155
101995
103969
88583
94263
92482
100528
107652
109384
115030
116413
107807
113437
100712
107229
93866
106997
109048
109710
86653
91974
90404
107653
101278
92394
99223
90394
95815
92986
84747
121201
88141
87579
91888
85703
86795
88539
109544
88464
93691
101050
112627
121396
87501
105261
99438
94079
100924
99760
87422
91892
114311
105510
92032
75456
78706
98994
86051
87651
88233
93377
94447
94438
108798
86012
99251
88533
88756
76808
77053
78818
74575
74620
75157
77381
79572
75972
75740
95576
88004
75742
74920
104609
98447
85590
88972
87120
83260
91832
88066
99993
87229
88822
95548
92892
87338
88357
89259
114452
89757
92509
125046
105391
108415
98052
79381
77511
77205
78300
79665
77485
76569
84665
84408
95115
126108
79147
87064
101106
90064
104690
95477
93956
107560
93144
78254
114681
94934
78557
96219
86934
81478
83989
96824
79437
77753
94686
94887
86724
98669
90110
80564
76547
81228
85068
91176
89989
77833
85526
77117
75928
76814
61905
74789
81620
75489
78900
77128
77859
84533
90229
80357
90902
86307
113257
90503
86162
76805
81363
75577
76225
94685
85343
77459
83398
102251
62519
75435
74144
79013
77940
79768
77566
78685
94196
75664
83751
90614
99972
87886
80864
75639
95183
81505
76063
109625
99013
97503
121218
95980
84731
81561
90540
91369
94126
77187
76203
94560
84311
81300
74025
89395
90427
85695
88404
77043
75427
74450
75748
75658
75442
72398
75389
88482
75257
81904
74463
61006
73463
73240
74233
74413
61526
74351
74779
74747
76144
74589
75652
80728
76462
61439
102588
91871
93222
95016
99273
87746
80824
77352
78464
74330
81673
75171
73415
73279
75189
75272
80628
80127
74922
74511
78626
81866
77889
61750
77300
75781
77536
74252
74135
84872
77154
61953
78800
75263
75180
77842
76502
62023
75629
77690
78260
86768
79232
79230
87445
80545
82296
110932
84242
112222
77730
85345
79683
73624
81506
75828
79653
75014
76934
74290
74891
79314
73732
76964
93724
74173
79653
96968
82180
88430
80040
87495
86270
79123
75382
80076
91302
80296
88258
76118
91819
74067
86741
99574
93784
81050
89085
78255
95441
80945
75057
73408
76584
75211
74551
75951
75536
74102
83233
80730
74742
75049
75418
73445
89231
79900
78369
92081
106203
102246
83004
87346
76178
103557
106785
92906
84826
108225
112301
76689
97732
98232
74185
98951
88267
94820
83834
76277
81674
76474
89747
101597
111541
115409
84435
85517
81762
88904
105314
85552
82556
88373
100930
84086
133569
87826
84234
99288
103655
76752
91768
82869
77302
97189
85394
77549
136702
78366
91350
93422
109159
111539
81010
79749
81724
86614
81600
91492
93724
60559
94407
75528
85340
90852
80477
78281
105086
85360
81818
77711
83132
80810
75087
78030
75538
80311
94012
90074
83414
124085
97692
97882
99138
78336
90877
88796
89809
77368
76049
106199
95054
99655
174983
294424
413904
102533
96659
119368
102284
101950
90949
87719
98143
96609
90471
88201
92576
92476
95530
92564
87582
85142
97270
92799
88033
94963
94680
99284
84388
112247
94317
112725
92268
122874
88055
110992
114414
100051
88322
106026
91533
104440
89596
96678
92616
94143
97236
114510
131665
104330
108976
89016
87166
108231
107980
83618
89888
90113
80787
73842
98816
89898
89437
78599
95679
87135
134003
12368
13217
13234
20887
12656
11398
11107
10934
11620
11198
11643
11479
11158
15077
13002
8404
128760
81571
83009
90368
85986
82081
78669
86222
81011
77679
84085
82581
75237
74882
89963
82128
77842
99731
101246
83645
101076
77700
82098
83668
74506
118757
104060
96149
105942
106897
90032
97146
110791
89380
95236
115212
86668
95537
94452
86053
88289
104203
104072
85677
100709
87474
94261
102972
95092
143911
90975
84463
110537
94491
92380
113693
111947
93572
104337
85445
95398
102382
91072
107574
102752
105253
134751
104200
109783
96930
114010
102127
92386
94307
97523
97199
98308
91213
87949
102806
110077
113718
112015
89838
109231
122594
104524
96370
102092
86961
93777
96512
102604
88169
86755
74793
76500
76783
76109
62076
77999
77027
80959
75321
82164
82186
75612
81959
143330
126709
92001
85038
80405
91686
101853
107603
111078
95594
119354
100503
92307
94396
104857
91025
114338
87981
120809
121189
106557
124428
101051
123906
101948
92136
106458
108987
91686
87006
110601
107397
126283
112010
102947
110632
104078
95374
112984
99090
96997
89758
87814
106554
100514
90509
113184
110941
90399
103759
121807
104690
127417
99730
94198
210915
287534
387888
284660
111365
109600
90299
88196
87315
101652
102776
105526
89355
93736
87695
101965
88109
94062
102207
117605
95608
110858
99891
89001
88396
114707
97585
89125
99301
78362
105604
106464
106260
92720
113921
122538
96125
114286
108916
104624
108718
86826
88379
100303
98507
89535
88043
104298
98564
118103
93771
96085
84473
75437
76143
75830
86639
87807
91826
88573
87385
87476
98765
87612
87473
93021
93322
82954
75500
79917
110624
88033
90437
98639
86503
90907
88308
95845
99774
96828
90213
85318
87744
77291
74066
74881
81236
77515
88405
111194
86252
89057
91274
86665
85249
117767
85321
118739
117470
97925
118392
112307
89788
99495
110550
92213
91848
94338
119092
87524
94087
90317
90301
89324
90749
91179
85525
95146
87076
88627
91135
104398
85027
88395
80504
85660
75671
122939
113532
122168
120282
86498
100954
112953
88835
98727
121652
107385
105851
111888
115189
95647
89861
92499
99374
93957
91417
87861
101025
88513
101590
95526
99097
101618
97629
77579
91038
75426
77939
94453
89151
93654
118592
88125
88927
81008
81337
78426
77687
84384
86517
85046
78131
105352
78768
90271
83996
78306
75399
74659
74893
78440
76768
77999
79228
62131
93424
80761
78411
80832
82880
86516
84477
74185
87967
79285
108157
92701
111363
85634
90780
97383
90442
109547
89664
89303
101953
87261
80691
80400
85588
78323
79423
79537
77031
78208
81546
78792
93456
113164
78226
98587
87426
94810
95298
77484
79318
81982
91043
76620
89546
86399
1903
1437
1581
87124
83002
1755
106324
98641
2278
1674
132029
110587
99461
1934
99493
1861
87677
1828
100683
79403
102606
83236
113701
90785
1956
88009
81162
86232
1892
83291
1974
2443
2153
2400
124859
95616
91816
116312
83177
2157
1665
86711
80948
79487
79080
1902
85728
75313
84176
1969
99464
116013
80239
80657
2080
86258
82690
106094
100406
94890
115247
80283
81033
1977
115554
99702
107797
78520
97960
75253
91586
87402
81451
1952
90732
87813
77310
122929
95718
105143
128906
13209
101079
80033
88914
81225
1975
97821
75404
80396
79682
78151
81910
63006
99359
82274
90106
263798
206222
2216
99413
83966
95202
85364
111336
98750
1756
94206
101013
104077
92851
116772
84755
112570
78648
111219
116471
77176
1803
122123
89124
93170
85812
79980
82826
77322
75252
87830
93246
90699
98440
81001
89665
1715
118467
80153
79561
90499
79135
76076
88065
77321
78086
79071
78770
81110
77144
92828
93796
105244
2256
101413
77058
85607
78779
75818
89555
79735
81510
87022
80004
94719
90199
89386
93862
96166
85722
80732
90243
84758
80790
85111
82646
93321
84031
101701
97638
92692
92954
99272
95328
91993
88511
87802
88783
82010
80597
78929
99904
95993
105841
1785
92495
94008
95094
103133
92475
122056
1937
94419
76320
78450
80716
73930
77536
75646
97838
117372
92513
103263
118299
98710
113112
92794
1982
104199
91824
88220
98712
98603
126400
108860
92152
95576
102367
113897
219529
189343
282313
98594
100793
94630
97345
92845
87985
89299
88689
114728
89320
1841
103559
114494
88830
118625
110360
95866
97994
104030
100344
97398
110624
237396
232860
337641
109499
105253
120301
102712
102379
1938
93551
109006
89505
80264
77732
75845
95713
103449
77882
102745
108866
95744
77146
88860
83654
78262
84703
86007
74313
74701
1835
86829
76156
102553
85710
84901
99007
78438
82628
92815
77064
75415
97863
87528
98297
85615
1803
109571
78736
76068
90065
102761
98152
147278
103669
106868
87242
98689
95201
102402
95750
92660
95977
100751
93627
100525
101587
126880
98273
138875
110825
221232
198237
291448
105950
88605
88701
76242
77773
74576
74812
75103
81888
74474
77815
91799
93825
78278
75788
75712
78734
91306
79744
94327
91675
78520
79791
114184
80141
90862
117734
80919
92671
97248
280141
165462
116648
99123
98188
97996
90450
103855
96692
85385
86097
98190
93517
94281
95419
90809
110026
102532
89155
98779
93395
84872
1991
92023
89240
89083
89944
98245
94346
89568
88696
100056
113988
111524
100547
102852
88881
86653
97858
87720
95752
98104
101208
88578
86770
98081
86652
96504
102232
89566
117809
105520
96432
109568
106495
84859
98627
107136
2091
116233
93873
89207
95554
117179
105373
117791
102092
1801
92679
95687
110367
87713
90370
91201
97155
103506
104074
115737
84779
102155
75396
98777
92233
91706
85517
79908
83258
99482
102812
81979
92554
89940
87918
84832
79045
77052
80224
88765
76856
79791
87612
81043
137315
87294
91825
93275
109715
103714
116515
1997
115324
97772
89347
93657
109611
91034
90887
94585
98111
87705
97841
118819
113976
95081
101275
118718
86088
95711
97163
99033
88853
88489
85450
90577
88015
89490
93748
88626
89912
88008
93584
88089
86741
104164
89098
98901
96010
98356
94760
87557
88089
90272
96268
93269
2011
89462
90247
106266
86969
98007
101181
96783
109344
91534
99533
106085
110021
93011
90719
94215
88310
86691
89072
87554
86156
85342
103608
94075
86369
117315
88464
102564
91286
86435
89613
84137
74558
75722
75214
113578
80719
80333
115059
95062
109627
100587
86505
102422
100601
89912
92371
99887
87841
107219
116438
119705
100210
112190
13658
19990
12398
12845
11993
15033
12838
22388
15917
2162
13186
14760
127770
94700
99516
114904
108321
117170
121061
112574
88049
90802
108167
106953
89471
104728
88925
110134
111744
92871
98106
106616
98201
103374
89136
92920
87706
89645
88722
100000
90048
106733
108023
86556
107022
100368
102622
89370
91566
85383
91267
88467
88161
92456
91086
101974
95308
93350
104501
112040
104971
96740
90751
94198
94200
92242
110684
93216
120986
125999
97830
97295
101940
99375
119367
116430
87256
107007
96381
106469
87975
101398
88398
102668
113601
90172
98062
93277
85995
98900
95816
88144
93829
78814
107051
120582
87852
118763
93523
100280
102387
87712
102894
86437
96630
91246
142631
127050
109200
90102
100017
91371
120309
142103
115970
108023
97025
110307
133423
100394
106579
110905
100847
120783
87706
124419
97932
92894
89103
88126
94478
89737
99242
183239
12007
12103
11655
12928
19012
21232
18874
11244
12851
12914
19797
12004
11379
11823
11819
83072
79703
102219
86714
90721
96171
92414
119240
101136
109347
2185
107647
100692
95586
90955
117692
115956
98485
96118
101465
88942
97751
100794
94543
87715
89735
87046
92476
103194
108265
100270
112422
93125
104584
95827
90357
92242
89615
85554
90008
89100
89463
88881
93493
101845
86660
82742
136621
93599
94110
103361
87851
84546
100609
90771
99137
87796
115169
90593
105019
102805
124779
96357
105827
102365
110475
125899
91540
127046
95562
103830
85545
101976
156865
155606
12192
21952
18878
12733
17073
12216
23958
17239
13725
7634
44969
29251
32193
19213
18659
19355
27089
20229
36342
19605
17317
17850
17826
21618
52241
52258
71250
69176
105613
92031
88883
98774
90285
91081
105169
89369
89616
92638
91635
108614
90252
126213
110088
118719
104633
99517
109396
99434
107930
86932
99599
100191
112888
84330
89447
104183
87003
93406
99949
95636
96874
100819
87130
102544
101460
114396
97508
106385
100055
107957
105050
122648
90579
89563
87134
90986
90143
90405
96332
126981
95938
89613
105687
95911
105400
102032
93405
88108
112536
95193
97457
138799
14032
10274
14890
9291
21304
23409
16736
12877
19533
17314
21596
12643
28236
44974
26887
36613
26925
14369
26210
17077
41471
23973
18365
30908
17559
32208
15906
31614
25000
16039
17990
16362
17462
15860
25034
16828
112725
179226
45905
25961
21124
17031
96627
113200
97478
94735
90153
101709
104720
97032
89255
120745
88858
91454
108147
98309
104500
110397
106744
89535
92722
153514
155045
129054
90619
99010
86716
100732
87886
100560
111961
104332
112960
116512
111765
99203
114264
98855
100241
105402
104017
100451
99342
108946
98742
107652
99873
126522
214008
196920
278317
129685
91838
106851
105372
93820
92547
88093
88531
94776
91692
108772
115571
121699
90411
105588
125676
101811
94778
99132
99184
89392
99635
88652
87233
88587
119383
121201
145953
108943
110622
102361
111004
103250
128801
100356
83806
95742
114224
81947
98987
86546
111062
100153
89149
88408
98994
92095
88945
96329
106648
84600
88677
93744
92444
87311
135554
101219
98715
95842
90252
99907
88528
87892
86556
77840
107207
85504
238732
84493
90177
104695
101145
110353
92596
111364
92336
76036
121139
98534
100128
106918
93681
100503
87917
99188
90337
77342
87048
97071
105819
107835
102660
100796
93602
132222
108389
111046
119140
102265
103329
94525
197063
168584
12588
11560
12139
11771
19955
12318
13445
12557
10888
11896
11926
9696
13301
11379
12043
70786
94720
75806
83742
106012
76368
77348
75393
74738
75322
74316
74384
75142
75929
74624
89463
80038
89511
78437
88344
76128
94423
112615
78637
88488
78068
80777
88495
79950
74622
75547
84180
102299
75423
74880
75572
80677
76374
81249
99708
112035
88143
95942
104888
108593
86900
88239
83108
78705
108225
90718
74702
76873
104113
77050
98504
83415
84617
102297
94447
108025
77959
79409
79440
76939
96756
75766
80036
94542
94434
74770
76230
77327
75412
80451
79554
75180
75276
75962
74551
74812
74620
101528
88688
112405
90315
85024
88365
80510
85435
91401
75251
78828
93487
80356
85634
89509
89062
76059
75858
88403
79660
74427
86278
82689
84452
76331
78963
77131
76630
74419
75932
74341
76772
74825
79833
74173
75885
75422
75465
76328
90077
76992
74775
74114
81063
78462
77910
101256
99715
81477
78421
83357
92006
87960
79099
76960
79857
80698
75255
85311
75053
74192
78638
84160
78549
74918
74715
76002
82458
78499
112316
100961
83689
87291
92949
101387
76332
75831
74374
75984
87538
76016
84588
94383
75881
90473
75488
79505
83122
88156
77728
78535
85808
78619
73883
76432
79713
74059
72920
90115
81746
78622
93391
158704
122379
79984
90596
86998
75878
79850
74073
79952
87008
79405
86245
75724
75852
79913
75418
77949
74531
76190
92574
74072
80500
74679
76681
81463
89966
89863
76717
91107
80469
98218
80533
103761
95010
82417
93627
84651
84236
75525
87790
77230
76672
81697
74293
75576
75293
75874
75444
76047
83711
76024
75182
74492
77883
90104
90783
99471
90983
79874
75027
76008
74244
82210
79925
89164
81664
94177
94317
74806
90954
85142
95822
75591
77248
76119
74427
76161
75772
76752
78235
77051
76137
76101
75312
76577
80569
74243
93348
84355
94465
113013
112506
83356
89768
85328
76841
85910
91082
76888
79628
77980
90088
89996
86144
100180
74202
79102
77669
83207
75594
75577
80366
73906
75178
75085
74787
74955
79613
78353
82213
84098
86107
81160
92631
76892
84962
103297
74781
