5290
2577
1836
1730
1731
78026
2035
1710
1583
27762
5151
2172
2848
146780
3107
22210
118013
112117
116369
103966
3896
83661
2076
103848
86297
97296
87287
2167
85855
87775
4780
2678
2838
109513
88955
99221
95015
2168
103672
78291
2571
95457
79435
101714
2181
84849
103379
125630
2117
109901
99145
2457
92032
2130
79402
102080
82220
76751
93060
85070
96339
2448
114848
91168
116849
3899
88575
83262
76473
88215
87092
104353
108977
102829
78855
95952
90626
78308
107699
95963
87574
93815
8217
84983
91609
95998
84917
76031
75185
2282
81778
2626
107883
103277
85061
114268
2070
86597
99656
2197
2062
1856
87362
1989
2058
1655
2659
125151
2261
1476
107432
113672
76649
106818
78071
78053
2118
91081
4699
9708
115087
102578
2035
1720
106536
83954
110817
110498
1852
1612
99804
92639
88669
89283
95056
88483
84432
92493
1942
99959
85341
2313
82900
2406
91039
86957
110357
101882
2638
104567
99527
1990
97750
102272
87510
87067
88964
62787
79334
2131
101241
82016
2177
92023
101631
107843
88016
85068
106811
90714
109046
95292
78464
79198
93238
106402
78396
92845
79558
73376
79537
83290
75889
86923
98528
90988
1927
111949
85348
76681
122210
94749
79924
106420
109088
100538
100970
1911
95713
95805
88719
76844
85249
2123
76962
93478
99221
96103
78945
108286
82372
95187
1999
97572
117098
85132
99749
89275
78407
80070
82432
75131
2247
109800
102608
90384
94953
103162
82877
86482
83077
112509
97307
97093
86455
1994
1697
95764
91030
101706
102301
118795
94290
103434
2725
118740
97220
91954
82876
90301
88313
82001
74844
77856
80774
2615
95849
74411
77342
113901
2495
106784
107116
89465
98463
83025
102258
78965
83424
75265
104203
94437
101582
109348
62556
86219
85766
103217
92757
105531
76136
82257
75654
90771
112905
89985
83218
91046
97644
91260
77661
75700
75266
81483
72366
1973
77089
91271
80045
99291
73434
85633
97069
109181
264864
226222
258225
92405
83154
76804
85696
86753
85981
89985
72481
73180
117850
117346
120054
119634
120175
99881
86658
88699
100705
95078
114387
122030
100490
2582
93680
96049
96444
88826
91467
124331
120302
125903
103609
99857
98299
95450
99930
82629
108058
92324
106143
124040
248198
122932
94256
109921
76371
87618
75976
85527
79858
82407
88635
75642
80627
74985
75835
73943
72443
99719
75265
99350
94140
89713
99209
85012
83857
96939
61404
80523
79045
84495
76015
77998
81562
76880
77432
77669
87259
2311
100308
85612
81129
82152
82117
77961
63670
74478
73927
76059
77857
84389
104961
92084
87016
117639
121280
86367
104069
90828
97017
89780
87062
84820
75886
2300
2178
92749
117523
113303
98285
105481
125167
87753
101662
89031
91075
89736
98068
97367
101452
108781
112979
98528
112103
88612
89483
94679
88812
88442
97338
2568
114450
107785
108164
104045
109612
93188
102048
105138
94137
90297
88735
86849
88606
114768
84858
88186
158084
13267
12451
12169
18308
14040
12889
12450
28149
12100
23016
31634
11853
155868
121361
119036
115247
108388
119099
122159
125028
114614
104932
115250
132472
122181
131348
134224
109738
113353
115959
101015
105411
105128
120891
103737
119054
88278
87751
2714
122595
107836
112669
118928
101895
131345
91453
2295
100360
120546
118325
98720
117077
94465
134374
95136
104718
84847
101549
101127
105629
111709
102200
121021
91766
121247
118485
117496
93252
109909
91948
186286
163319
110135
111319
104673
92842
100697
114366
102442
167712
101174
117945
107810
96813
123604
95181
84394
108613
104982
98388
128686
112557
109540
96343
125661
102205
97405
109642
90023
118066
92199
104148
164121
160999
114529
99129
87972
100948
90575
105129
88926
88488
87319
88383
89015
101966
107373
105568
86653
106968
106179
85291
121868
126184
93202
115948
2550
112549
106080
100246
90648
98647
102504
91848
103020
110896
99834
109267
90762
99325
119363
107627
86443
100717
101255
103192
100851
94336
96544
125023
111536
112931
105986
106769
99417
108045
117115
116781
101197
91290
110194
88187
95404
91577
107065
96912
103179
102931
104409
133751
12312
12502
11708
12318
28972
12062
11329
15402
8929
24251
16834
13972
21408
22364
121473
102701
126617
117022
132566
108163
107059
122380
97216
117839
103466
88201
88344
88512
102540
113048
109852
136324
118376
123160
118669
105250
100741
96718
88917
106910
90789
107723
99252
131522
103993
98859
118234
109152
94883
115710
99050
117777
87705
102944
113687
247262
176545
12233
12262
25263
11209
12785
12306
12018
12360
11564
2130
12161
15568
9055
103231
101262
91445
113834
100133
108672
100924
99363
99786
101153
93726
88304
87798
87695
96642
84600
96585
83776
88902
100090
97217
92113
99178
103672
109561
88763
98604
122959
105276
90070
103700
87227
93195
120763
105819
97806
89655
87753
96148
95433
95926
90239
99402
90060
101870
107808
103041
105015
197147
27044
22024
26248
25860
25518
17418
17502
17518
16298
16890
17482
21007
14525
20551
77850
114395
100005
96411
106275
96463
104878
86086
107239
88929
92713
87322
106906
94975
102407
107195
113055
91943
106999
88660
96626
94119
83018
87137
97564
88482
95769
1826
91117
104607
88323
88659
92635
89362
116831
199479
204168
99686
106286
89559
102854
88304
2338
96415
106746
87529
88895
88475
94771
96909
105250
129302
1472987
1507719
1520759
895059
950661
810724
854055
936534
1039887
113993
109983
99386
103236
2040
131308
107863
86132
115235
104635
97255
109961
314180
285611
376384
103658
87340
112842
104182
114599
93738
1990
116044
90725
102255
126974
105965
89566
108799
93674
91736
90522
106234
100798
91255
87044
96711
97206
100823
106218
89549
103266
88161
99720
88958
96865
93150
93744
95940
91441
88798
86532
127620
92519
85964
103265
110440
89387
94818
107279
112867
113468
109889
108201
90663
88245
139689
114391
124115
87951
129734
107950
115531
102567
117066
92164
99359
101698
109377
121969
85067
110752
94419
111839
107148
95111
89863
104044
104097
87581
102047
106479
87501
105262
118440
112679
97052
107874
151880
125620
18093
12008
12430
18485
19005
12887
13762
8996
24720
22099
34181
9977
17493
127597
117213
100549
89893
89587
88698
91702
87929
96292
97693
93468
96864
91726
97111
102656
97771
94944
95103
93535
101410
112047
94468
116719
87680
98658
97530
95186
98820
87746
105018
117641
90223
108617
102007
106890
124920
237505
225934
319531
113090
95309
94179
102534
100041
91878
88157
87350
93149
88309
106973
89707
237588
217419
119834
96695
106351
121232
136689
115366
108146
84953
129673
13168
12351
19525
12145
8206
13822
8388
12344
24027
16313
12773
11729
23884
12132
147006
127893
84231
88480
105477
93002
110896
96418
141088
88802
88399
111831
98786
88276
103480
99169
106058
100271
125602
116663
110990
107680
89114
99686
97090
87645
2104
118568
86441
113682
115061
88125
97833
98773
84711
97159
98601
88655
92242
86351
96135
91946
96957
107545
93422
110567
102299
99732
104114
112741
85253
96605
92895
105290
91462
87950
105955
90564
122688
105417
95280
92027
122240
115401
116647
88389
95767
99554
104594
101592
88328
92576
103404
106970
99662
116747
112720
111144
94277
96317
93924
87459
90315
99223
92656
87008
87816
100627
143016
138784
21832
18964
14915
8660
22077
10997
13403
12738
12711
8600
11570
11572
11861
12509
89863
82310
130849
101545
118677
97943
100204
97446
118769
96439
97144
89004
100037
102204
88749
87546
88351
91599
108525
102805
101221
106278
98075
97136
89442
104478
99814
88435
88362
88196
89022
99960
97692
86909
90206
88890
115951
109099
264812
159663
110778
112373
91942
106874
98047
87335
101694
90846
101595
96843
89518
90792
107681
110937
112654
110892
100644
108977
97043
106031
100572
87690
88296
87103
95865
96068
96917
97124
83956
121871
13816
10642
13684
9041
22494
13936
26446
49490
15917
26040
21210
23328
17579
22234
22517
16572
32672
27013
19851
33144
20087
19320
19254
44794
16673
32981
157494
113775
113638
117866
104138
123426
109536
116479
100802
102377
119426
100989
99718
112073
133006
176307
21010
20214
16432
21366
30136
34286
15927
20916
28426
31814
20049
20399
21422
16566
20644
20275
27283
23186
29448
29633
84431
70742
101355
81741
177540
42739
21047
19295
20373
30610
19745
33570
21987
75188
130116
137405
396081
485594
481178
541859
341256
475273
135344
115484
107461
104754
114669
102330
108681
125282
130759
256774
460000
396236
520112
337783
120731
109390
130727
98423
126914
113330
105504
101008
110701
99050
182055
173322
13949
14932
11745
34119
10108
18561
20673
31105
39881
21386
23302
16882
20143
39942
22755
19861
21296
39799
34436
27406
21956
19051
30512
16085
33946
16221
30244
35245
30767
17694
16051
15939
100522
138095
113703
102872
101908
105289
99910
102299
98606
111289
116267
99520
112930
99521
98945
125859
112725
262500
212903
123409
100539
112568
116109
111001
111882
155076
25964
14151
22059
13919
14754
21160
12235
14852
14965
13590
22381
44451
22425
14674
32451
38729
34939
21083
34075
16935
17478
17148
25544
19867
19580
14656
23065
26329
14643
26944
23255
19197
21103
22556
16470
22200
26758
22938
21724
26948
131823
119772
103316
116894
142945
43816
17633
23841
17018
36813
20378
18396
19400
20041
19822
20163
16212
37837
23508
17240
38353
16681
37587
23384
22313
124183
112352
102607
98423
128882
168230
173787
107297
108681
187242
158109
49717
16552
19057
29066
22529
19418
15920
51627
50305
19281
23883
38006
21509
38026
33594
19388
41094
20711
69114
70665
133648
99640
113809
111257
127133
110225
108381
111232
111551
110165
99139
106360
118585
101680
121932
148593
147349
116423
277346
332254
431892
337704
123168
128372
106159
111527
103710
104030
98678
103035
96631
117538
13991
13792
13151
19769
23049
9106
14794
9361
13728
13338
13179
13989
15033
9575
14992
27942
27732
17959
21065
20451
28091
20149
22678
16955
48512
29858
25916
21950
21482
18967
20404
30474
20263
30616
17614
25244
16207
55723
16291
23573
15055
17021
17431
17281
16992
18804
82060
22538
91536
136431
120293
177275
174761
125606
101527
128209
117955
148732
208787
16762
19693
31212
17036
28048
42916
29981
18383
20833
19475
19431
21335
21991
17185
21681
25565
20896
42188
27501
20788
26950
28379
16904
20942
19595
20079
15555
19514
20104
49097
27409
31867
136725
30557
33296
39789
34160
27420
35726
22447
28410
20046
19025
21044
20503
33874
20045
142735
113016
120728
114784
200560
213501
110051
110636
130280
153080
20522
20959
16383
20715
16248
32230
16772
19946
35079
31451
21048
28988
23495
33529
19941
16492
36045
27936
87664
98098
100114
102023
143753
102743
123259
98170
123492
100322
159069
189269
110586
108499
114121
110771
117059
102365
112999
106939
211050
192139
131655
140568
119313
259405
332554
417443
421923
263769
159460
29485
15414
12609
31231
9306
20815
18635
19259
18996
17459
26211
16771
27002
18368
17285
17147
16277
16585
16265
19202
19280
18159
34151
21360
19908
21921
15135
19044
26899
36339
18629
16649
16902
17820
16296
23446
23370
15577
47002
22290
72638
219649
135147
107144
88861
85948
91454
101307
93337
95301
101711
91904
113463
210327
19476
14371
25649
35634
16122
17649
18224
17232
16811
20462
32462
17444
32339
48066
26457
20480
26917
23965
32749
18874
17765
17300
18527
19590
15343
36426
24308
17623
15907
17929
1206687
1033826
1132527
1181582
1072173
109225
133021
119569
315773
323095
443834
489029
103805
111765
106742
92352
99648
89185
98617
99524
85046
119191
97288
234639
199295
316854
129188
98955
187075
146368
12290
12464
11946
12669
12084
38712
18078
17415
18573
17204
51079
28471
25969
13533
33500
25494
17235
31125
15988
20196
21953
18335
33686
22776
73257
74220
67146
169792
104832
99665
98103
114296
167275
325888
213282
320431
376981
23241
18067
19110
17577
18116
22093
14802
18139
28647
18109
71401
68014
117380
105703
117120
310764
237219
319456
412043
86605
104936
106182
119287
117794
89181
102665
113548
114940
171573
155719
31199
38437
17381
17490
17202
18306
17143
16989
25202
21827
20325
17610
25441
31168
43216
17654
16399
23683
13670
16344
16295
17655
18626
18251
17616
17237
31441
17467
41512
14900
74152
95514
110861
99166
98949
98127
97745
96978
88786
88224
87978
88017
87295
120068
112177
86368
98001
93341
92069
84424
102661
103334
99747
129645
87741
88881
114237
89840
128537
103858
105473
106231
118498
100190
87689
104608
88633
93793
87719
90368
107799
116365
122361
107793
88282
89256
95906
91689
104950
100377
88468
110515
90391
91668
105699
118177
96486
88189
117859
91589
91031
101414
97430
110430
98116
112910
98942
95576
89179
92448
101212
96720
88921
105544
88789
89975
120924
93819
86394
99678
110248
97471
117038
98235
88634
88145
101916
95549
97878
164296
167637
156412
180423
115280
122697
147041
176912
22318
15255
13012
11828
12160
9086
14508
9200
21631
12912
13906
10219
12528
12662
23494
24295
24000
17286
43479
24624
25754
40868
26472
29943
18810
26855
17276
18542
19184
16919
29394
34817
40041
32508
14621
17897
25231
18064
17371
14046
16588
16658
70528
67232
109346
99128
107584
88825
115127
91254
230065
193919
100630
99213
97375
110098
107407
102128
115822
107667
102345
119085
122334
97491
99559
167772
12933
12727
30260
12373
24659
17301
25130
17253
20073
14044
27863
16142
29530
13983
21542
29156
18465
34917
17524
17890
16913
17072
16956
20514
45175
23328
14834
19350
19157
24600
18215
18072
18059
16136
21686
17592
68138
128834
114024
90906
88770
103809
99934
93843
99544
118190
144212
20089
33725
14363
35182
20286
31574
25740
32146
18593
17711
16210
16084
25633
14016
17590
17008
16332
30644
16123
17530
17604
26076
25207
28428
15690
16850
17308
17505
19535
74912
68715
103705
93323
152102
202635
167052
116300
110983
101488
106569
120580
88588
88749
97841
85104
97938
87214
88613
102252
86102
88591
130194
95325
86394
211455
187627
90700
102361
87890
100263
88374
99466
89906
87719
97332
85033
162570
25477
10418
32402
10615
28908
11437
23450
15654
15068
15269
14903
16184
15176
13792
26331
28822
15993
19665
46431
17101
24463
24148
34540
47266
29102
19385
23644
26964
32619
19876
26780
17559
21217
14709
29027
33648
19590
15605
20501
25708
15624
19091
17919
17439
25319
21682
218474
149264
75591
128408
117724
90326
132276
106574
110536
96355
114483
91764
86940
89042
95662
102893
99472
92243
103261
110421
86816
109803
87320
95372
87700
96164
82090
96549
96092
96266
106134
88506
89679
93183
134499
117971
103595
103021
231809
209765
278706
103974
97027
94190
92128
100349
97482
82910
88725
90359
88721
101168
110718
199508
21606
15732
12994
23253
10175
13105
29941
13856
9675
24632
22091
62631
36360
28713
19039
37763
23631
22725
18194
19146
18673
23125
15932
19648
18925
15805
18919
20338
19720
19189
32832
19142
20200
28393
19067
26620
17040
19201
32717
18787
18822
22872
92172
133042
389375
451177
490604
524283
360834
87157
56128
110835
181387
126136
20152
19849
20634
19469
19330
26108
17704
16316
25985
24041
28597
27222
21310
31630
17787
15925
21153
22725
46505
72194
153241
118973
117401
118539
121753
100130
100995
107795
111128
99003
109949
114079
109775
113109
129554
116103
124018
154206
380289
404835
461027
567935
684928
281293
330842
457165
551500
467639
116408
120822
115017
101702
99577
102531
102423
104827
112838
97182
116331
119926
183517
16614
28225
25790
14257
13662
9527
14698
15009
13318
14099
18316
12706
38589
37927
39038
26615
15772
27895
19130
20981
20559
16476
20905
21165
17022
26040
31109
29974
29098
21122
18353
23930
22691
23955
31610
17110
17497
17931
17098
21807
29728
99287
126841
108207
109323
93399
122739
108467
112343
114317
136771
26819
20526
18125
17004
18501
20641
20060
25103
25526
30343
27937
17048
37955
26933
20024
19073
19017
14105
17312
18471
36599
14155
18758
27119
21619
120302
102021
86901
120234
116936
107242
115001
99131
87383
89767
100330
88128
109038
103863
102471
98305
87936
109188
88192
96384
91118
95500
96673
88408
111782
99459
87035
87724
93586
103300
90569
95193
84085
113427
88285
88736
112921
104752
86518
100476
86831
91825
90093
89158
94991
88485
105149
99276
83702
86939
101768
86188
91123
103886
95236
87953
100507
103264
96657
90264
92200
170677
114727
120731
113243
119740
156748
129773
122851
111913
125517
119919
105784
103912
90039
111032
110497
88106
104325
96333
106540
95114
120309
87824
100192
90162
90309
96428
101256
98334
92601
90067
90641
90048
93261
88090
106912
98166
93117
87262
96832
98549
111617
86863
89671
87824
87918
88189
95650
84688
89282
110198
100723
119163
89583
109759
98634
108968
101566
89151
101742
95852
86836
85217
105693
95405
100683
88857
107698
105191
90013
89690
90575
103193
109130
116055
105467
110496
118419
135077
105078
87994
154446
12791
12808
12402
13326
10151
12784
16432
10599
20493
14728
20830
17610
25518
18708
26212
26654
17034
16677
19890
26803
31119
39124
19319
14573
15355
19138
26902
20624
18988
27550
84970
62589
50756
49814
95774
99080
103378
108355
107292
90431
107511
101255
141342
92172
86896
105075
97226
106179
106003
88102
93448
101218
88733
101565
96556
86331
94170
102174
91150
87930
109876
87675
89582
89245
108356
98041
103469
86792
88555
140544
132952
329435
392310
500127
593871
435308
121427
97907
95551
101878
120116
91979
100832
87039
104678
98778
91402
129040
104722
109820
234053
206377
106341
97234
124374
110170
100997
676793
676054
424118
480421
597563
349869
321411
496102
583297
277466
99344
99013
89387
91529
100668
96580
96046
101724
90249
100928
98295
95913
96509
90957
106740
91419
113644
99880
109128
100129
92512
100171
110908
88690
94870
81566
90061
106270
87104
90979
95781
105498
97774
118320
88901
89527
102398
101893
95684
88755
88255
106551
127788
20671
19826
13079
15083
8924
20337
10356
21052
13124
11789
11620
12557
11625
39219
15530
20632
15735
48435
30019
26269
34379
59279
37759
19981
16931
17664
20293
27039
18572
16291
16439
21477
19662
38115
86840
110280
101878
171781
172525
330376
18675
17965
17231
17194
16646
19425
18131
26926
75760
104718
16038
98069
101091
87397
116526
109844
492623
466790
568648
591941
681377
775801
823720
106394
99104
113093
104087
97870
110396
105877
128109
101997
123558
108307
107790
101590
322946
301917
393544
117562
104781
99281
103031
102652
86938
88625
150443
164121
103741
88140
91420
110620
96779
125448
115328
93493
87848
111423
99853
119285
104656
99108
103936
90107
108498
103191
104215
102035
86671
123018
116753
94509
100189
118900
111603
107195
116475
102852
94301
113073
103061
83466
119006
88768
91918
98525
108479
114065
107553
96859
89934
107538
87583
88518
96159
89616
116172
88066
114403
87104
102753
86422
97501
86523
88957
105451
88629
89781
87911
96539
87569
96695
96111
88247
93456
87967
94362
98106
97884
85953
143228
13430
19060
12201
11498
11983
11272
10910
10941
12157
9029
12798
12080
11953
11077
12941
13006
24950
23957
23665
18332
18148
26229
31385
17704
27879
18507
19315
13609
30717
22537
18010
18239
35681
22827
31779
27916
17249
17303
25745
18098
64839
112930
84321
117036
225277
222699
342909
124323
120861
110129
121204
86610
100402
117122
100322
108533
112851
109959
99153
184310
180964
254947
116180
94921
173048
23757
20530
19273
17890
15823
21786
24002
13836
20153
35391
24479
26133
17782
17880
25332
20218
15000
25725
18888
17055
24508
17348
18328
16450
18703
13780
17541
17790
31957
36437
17069
26344
18329
16664
16373
113562
91058
94548
108176
95055
103831
112017
88524
90199
111278
111637
89476
104911
102257
118082
95782
106141
95275
102970
94897
89610
168975
176083
263010
21360
27933
21467
20671
14425
12264
12455
11895
12448
21843
22330
42809
21202
23009
15546
34232
37081
33095
26906
19817
20213
42903
25728
18237
18227
16654
18081
16790
18981
15684
22656
37478
24066
18216
18364
14197
18222
18937
13238
17983
37372
23756
32530
70032
75059
69843
49857
121931
87590
91760
110721
86561
118873
106192
129095
106362
88710
94967
88842
93079
96211
101244
105819
99306
132900
21463
16522
9147
21364
18039
34393
16271
21113
26122
24380
18151
27352
19180
16208
19325
16896
16289
13966
29546
17641
20975
15476
45543
22095
24349
18930
18744
28899
35125
14969
18058
16157
18443
16704
17648
17458
17780
16686
19868
23525
23959
26899
24764
26905
65248
107376
103333
89437
98826
100600
98678
133829
95982
109931
109983
107625
92268
118054
105634
112803
112940
212692
178959
96545
97780
99172
85947
89595
88160
101148
94879
89516
107096
87943
107963
103188
126438
14780
20528
10461
13343
10872
12674
9590
12303
12068
12280
11435
11792
11169
12043
9670
12527
8035
23811
21703
16935
13323
24047
17579
17797
30297
17793
19246
25793
31221
28585
21025
25190
15211
26660
17553
28038
16671
16224
34476
27857
31614
32525
20500
14308
33851
27223
14892
17984
18424
16748
29307
20384
95492
90051
123798
115577
108362
108954
112160
96905
88570
99161
119411
90454
91919
109007
104290
137880
109542
100035
85785
130389
99727
102348
106930
111938
99641
87633
98113
103173
91203
89095
101032
103860
125789
109854
117152
106923
127495
103431
96999
106404
101320
107427
98761
114376
107472
102158
88695
102873
97278
121920
115368
112447
179465
191799
157906
19794
19060
20145
13456
13188
12450
11164
11722
13652
9141
26174
13091
24135
31589
22640
17787
16723
17438
21872
16859
19816
23875
21057
32481
16602
17653
16924
16252
16507
18254
13847
17496
17951
31831
19194
143836
145638
113345
111807
100474
201521
188361
32392
21854
16236
21947
16020
30221
20824
104689
139122
114168
127371
228413
35482
25130
22897
23940
24604
148702
122671
103085
147372
140314
164133
52698
38318
46739
19078
31098
34928
80811
74860
20148
126558
111808
106426
222514
43669
42035
37864
23324
77566
123713
134420
217123
178895
20689
34803
20193
18469
19828
69028
93043
98341
117349
122986
145250
208723
23843
31961
24311
22230
19499
41571
19978
21708
19716
125916
183724
172498
106911
226937
163770
20460
47880
22391
30116
21186
19211
20326
25565
24952
32991
124303
27186
14606
83421
91728
119190
105868
103600
96779
101528
85377
93921
112906
85924
89810
113933
102420
100786
112872
108845
92061
96916
111786
92143
108858
87622
95258
102949
90678
89976
88572
104110
87158
101172
100180
91280
100258
98722
96314
89339
87236
90245
89094
95998
89583
98227
105670
98415
106548
98999
87287
89268
112591
98625
100768
87811
98611
98809
101754
87556
103575
98155
91156
112274
87008
89014
109869
97651
103073
105257
126716
85459
101090
91262
89488
86226
88383
247872
178573
133625
101690
88009
117296
97221
144151
108700
99564
88156
96574
108697
86786
104802
93664
120032
89753
124592
116045
216320
21696
15930
8450
21031
14118
17876
20286
13212
15041
11599
11781
11282
11990
27838
15429
19239
24190
20088
19267
18939
17222
18201
17691
18027
25133
15003
20162
38449
22590
31432
27412
18346
25103
18637
15811
26286
17996
28227
17448
125588
105157
132276
108863
114956
112645
108149
109124
86310
91685
99675
96831
84614
99209
89835
92285
89869
96327
110156
86728
95822
98229
89022
85797
95164
96233
86529
84697
87754
115727
84553
90533
188415
188021
13296
12614
12614
11652
11350
12251
12244
11930
12280
10385
27171
35422
35258
14417
24427
19571
23290
18486
17372
16588
17195
17093
29918
25856
32311
22269
20967
24491
14608
34935
33226
20263
17891
23561
100200
128116
115774
143438
331789
327124
355588
449381
514748
616723
99000
136763
92677
90805
103163
95885
94308
107788
151599
176282
12379
12037
12675
25530
26276
26424
25709
17357
17797
16881
1891
31810
26347
18659
26088
15799
18261
14359
17662
17843
17481
14351
20431
21297
15142
28367
17790
24405
19438
17408
17082
17877
16749
17427
75685
90887
132079
98594
235571
191364
281164
100038
87639
89222
114381
90052
106074
88662
128927
149119
104579
127821
212857
213986
99556
112200
87459
108418
108585
90198
102653
97154
100965
87166
89191
102389
102861
88761
114454
96079
88853
87962
95739
105781
90334
97149
88975
86106
103175
97122
90569
108924
100207
114698
100612
104035
98133
95670
103416
100637
110155
87799
115024
106130
90379
104615
95574
89129
110528
98747
87791
91963
112513
87119
90264
118737
88888
103206
111395
112671
106882
113339
102973
106914
123824
98724
100304
106342
87565
89194
88489
95936
100444
101689
93211
98880
94889
90510
89234
96531
114011
90551
86034
107186
101020
111814
92983
86412
111545
88447
101176
87237
105349
86620
90243
89721
119756
98031
93260
103470
172064
140193
102017
106998
108634
95397
98499
103702
88478
87215
109202
88473
107183
164886
141680
11746
19631
11803
10055
12086
11748
12568
8393
16632
21719
26618
15315
8100
20324
27106
33053
17564
16671
18173
17474
15951
23710
33466
33019
18261
24518
48548
100518
116467
118689
117447
105662
100322
88316
102278
110597
102853
265091
250773
349991
434663
115504
88616
106318
89490
102944
104731
96380
86594
106960
112777
88724
97895
120246
97254
105257
129356
136297
41235
18401
26092
18860
17827
19282
33107
15248
14244
38401
14999
26534
17211
25898
30691
27469
15042
13639
26798
17427
17440
17295
94061
92605
109223
99185
106233
146134
165735
18134
29581
16910
18219
27759
22737
18049
39291
15010
119945
100000
110626
91090
113011
102222
110174
171200
121579
16928
18369
18865
19927
18077
29114
19533
14522
33032
18266
18305
24941
17479
30614
14574
75147
125872
18896
13967
17390
16520
29128
18814
17439
25473
69525
113902
117171
101247
93114
99307
104774
104593
110702
100624
90476
110727
112840
123768
92347
108821
112340
107986
128224
105221
96235
95700
94521
94816
90899
99648
89525
113033
89345
85823
136437
108631
113045
110359
103224
107748
105226
121335
112260
258255
227471
353305
107068
111449
113038
113082
88927
89712
94502
89419
103010
87572
86126
111168
15128
2055
1402
1997
1471
1660
1443
1829
110267
2152
1499
1592
162722
22022
11072
16178
1615
2148
1464
14442
22448
1903
20729
2034
15699
1521
2126
39434
29119
15591
19157
36249
19162
1669
71764
1772
91724
102512
73605
125169
131791
2111
108034
123115
97078
2241
1693
106165
118868
90666
101019
92853
87143
98465
106269
95463
94751
97933
93334
98750
95739
90005
2561
108908
97560
89517
138246
14186
22037
13540
20449
21508
24643
15023
17836
14324
14021
18733
11950
27174
2075
19510
18830
31313
40672
26630
16459
27548
27429
26248
34812
117739
100178
85568
97452
96237
96173
92459
85508
88864
86788
86617
87797
86963
100898
103860
101693
86465
88686
106934
108161
92761
97133
101167
98274
99334
102704
99792
2212
105191
2518
191678
26226
18726
15865
37020
14660
34223
19739
25580
18967
2466
1967
1608
21846
22989
2352
50962
9993
98979
1943
116556
113315
102610
88519
111191
109817
115243
88868
116639
110318
97874
92363
1867
96528
110389
99129
128579
97161
108373
101831
110762
119678
118721
109344
95525
92268
132829
94565
96981
116055
103968
114356
2270
118638
2182
91346
90047
87689
87798
87102
94801
86717
99540
113003
89232
87533
89010
85666
87434
101626
87751
88904
98116
105710
369173
331678
404502
477841
719280
835681
377399
109461
102842
104494
101901
102396
120473
108855
112683
118037
124813
115382
99725
103745
113575
105254
124740
2531
100699
87909
89269
105880
121941
109618
119039
110743
121664
85097
108486
106904
111405
101654
117737
94660
84808
84143
86988
88305
83260
1813
89359
99240
107578
94703
93035
90946
105138
102001
88178
84724
104724
121683
123531
104448
82521
95760
107409
107578
86059
96232
102397
106279
112485
95141
1944
111162
100175
88614
109473
124909
13457
41081
14173
12703
21887
12199
28230
13904
13188
13520
11845
12564
118172
108292
117627
102779
123304
100553
104648
95905
108521
117072
100633
94900
93300
100069
94068
114950
94862
101205
107656
87384
2494
109748
103498
86110
90713
92569
93221
86634
92369
88741
98543
84905
92452
87678
84013
87869
88160
94456
90536
95650
91767
93240
3586
92151
91762
109924
83777
92052
91687
102428
87817
108278
87500
98345
94968
119639
97427
90339
89303
98495
99366
88086
97547
118345
104002
98306
107047
102069
105911
107541
91319
90242
85825
87518
89538
95561
96281
90601
97644
102278
89061
101841
128528
100141
101320
93884
108612
106088
103200
85368
101505
86565
87576
95299
90794
86883
87975
1945
90607
90374
87024
88749
89694
99017
114976
99856
101065
108951
100720
89006
83732
105446
110097
93523
91940
120195
15248
22237
10197
9004
22027
21566
14363
9204
28021
18799
12121
12671
84451
79917
78587
115780
121883
120978
102723
103851
108370
98883
93363
109613
93994
102391
88226
89596
108557
86865
100601
97288
89068
98467
87761
89749
108949
88143
108309
110871
143835
103776
91128
106031
88628
111930
88099
110567
96854
103276
99860
96898
89134
96798
104062
113061
89889
118278
95838
110123
90995
87723
93376
99824
83944
88548
105370
88864
106955
99031
88501
100070
101148
87424
89356
99000
86176
97875
101708
105350
89278
101346
106405
114241
105674
103007
118106
107870
215484
14896
13547
12712
12315
12385
12040
11929
12300
10934
22034
13139
12163
14673
29103
25150
34777
14115
33115
24464
23125
17978
17948
17717
18345
17954
16007
17347
31839
18747
30550
35848
27177
51208
65823
89663
126127
98427
102794
90837
102404
101780
98392
117457
93843
101848
111930
119253
104768
91867
105406
100365
106608
103691
95421
87709
88945
87213
107133
115979
112200
98572
105481
104377
109444
115432
98712
104669
101519
92099
96170
90468
107190
1354721
1210979
864099
884442
976588
1062366
891447
976194
1061986
112050
119323
96508
91399
110107
256403
194516
246552
195458
485738
221956
311474
396961
98896
107147
100760
91825
98917
91788
95047
86947
98476
219853
176908
104222
113074
123931
107192
117547
120099
108230
101354
90334
88535
112623
108446
91003
150636
131904
14170
17716
14222
19139
14143
2650
16241
11943
12746
13631
10976
12151
37518
22282
18429
16278
17460
16872
15928
29708
28516
10094
15807
34916
19801
14583
18001
16600
17077
31669
62911
26013
15449
70326
68801
1954
105352
87832
89260
102773
102943
113037
120971
169621
163081
25797
25038
17909
17792
16743
24300
13652
16724
16061
16185
16175
18691
73193
116033
72703
98415
88336
103035
88066
88984
87096
87709
99170
88384
88187
107284
102350
93247
91130
116668
111620
104934
113328
210750
171836
271664
99852
105502
89690
220694
216759
99624
94772
89924
98894
88442
100826
104509
95861
101557
88665
103526
100841
107720
87147
87253
108153
93988
91173
110819
92546
95861
106734
93633
104802
103487
100350
89521
100219
102385
88248
94411
88328
103486
98134
107349
94428
97852
88770
108151
95844
107773
99599
100318
101781
98182
136094
91042
113246
94826
90563
103856
100094
91006
107252
87808
88752
88361
88697
96855
99918
117367
89233
99507
89460
88312
91684
99934
89315
108740
87082
88836
88213
127910
109939
112731
105511
89434
107109
107982
119608
108865
126326
98691
95212
89570
98183
86904
87040
106093
99446
96537
97529
100954
88442
95583
94548
102694
100223
106222
111400
111923
94451
106994
108704
100829
88179
102068
100375
114622
89325
91967
109126
96996
103177
98740
117855
98825
102524
244044
224439
322295
111128
92942
88325
93792
96792
95667
89766
104506
102115
90166
108597
97563
100780
99373
91304
85166
89267
96908
92983
88362
90660
101172
125914
88781
105779
95332
94135
110409
86937
96458
87888
89822
86958
100064
96814
91391
101454
131085
107303
108208
97528
96235
93235
111138
101421
99571
109447
84806
106202
91891
101828
103570
91792
101440
89826
88862
100882
88149
87968
87611
125991
87129
95372
92398
86071
94203
110791
91699
106903
98607
111201
108344
120638
107782
95576
89172
88806
91526
91798
88326
95008
92613
87382
105241
92355
104202
95042
102644
90141
105112
110230
85837
122659
87112
87761
87667
88057
95791
87362
88037
86994
101957
86918
115990
113665
91447
99976
120077
94068
119217
114241
115874
99236
97973
87828
241649
237606
105634
101595
109113
86216
98375
110250
89935
90420
87876
98916
91430
85152
96656
91345
88263
114492
104470
111763
102310
188662
177326
331219
152555
12700
12837
12962
12076
17854
12359
18515
12718
12241
11540
12295
12977
11441
21316
91295
115381
93375
107822
98828
117568
109131
87424
95776
91952
88112
94172
87602
97772
114125
106958
101462
98384
89249
116477
113082
112919
86746
94615
87835
116384
90590
87172
109672
106098
88481
104277
101295
112242
108454
113265
103433
97066
101676
118305
102650
98258
129393
89382
89328
119999
85288
94564
84088
87447
106359
99539
113825
101694
88529
88958
100869
109654
107232
93477
102164
123294
103478
86973
103959
89883
99160
89838
90705
115782
123016
125064
121559
104896
108017
103057
106252
93073
94175
117130
85975
88931
87580
97581
100058
103209
111014
114617
108036
106729
113531
107763
2288
104589
94129
93699
121738
88204
102197
132159
94908
101757
118624
104862
110000
107276
91227
111634
89995
101922
96949
91147
102459
84661
91741
123690
105260
135210
106880
108274
118726
88381
102410
87030
90080
93909
119179
85086
88269
118804
102121
96928
126956
100758
114806
104113
97884
92592
108533
87635
115195
99885
93010
88330
99337
103651
133378
110490
96812
116858
120714
97577
110429
114233
88084
111202
107170
94739
86474
85928
108260
94945
119319
105185
103375
116604
97164
99153
111990
98224
98377
88541
111617
103818
109508
101249
111887
100142
96472
115325
125406
101272
149213
12139
19827
12347
12203
12170
19560
11906
11944
11620
11491
20317
18575
11576
12000
79748
88195
165443
126934
94229
108190
109036
106493
93048
89387
99475
96098
87762
93863
92460
94373
102629
87675
104505
98238
109986
87615
103106
94010
107971
91502
119588
99253
98451
97284
97510
88174
90231
97864
95247
88838
105076
144632
147689
95976
99230
88904
91933
97479
104003
88575
108984
86243
86756
106788
92073
98660
114045
118586
111461
112424
110607
96326
102498
96695
87682
94039
127914
14140
8272
13278
11638
13806
21795
12391
8563
12312
13146
12104
12246
14198
17620
7784
115706
119849
92235
105657
101495
89290
93812
98551
106920
123699
110459
108232
96837
97789
93732
89361
109050
85080
102656
96947
90180
106128
108922
87576
87490
125108
105597
106759
111879
103102
98317
88309
120176
106672
104413
95450
102491
87985
102406
112813
88451
86890
87942
88908
115654
98651
176311
142488
25201
13912
34084
20255
17963
18031
16526
17317
30778
16881
17430
29773
34119
14364
24350
17203
75195
111686
81337
100553
101125
124320
91180
88234
108528
99234
113740
210523
181799
283826
114549
99713
95946
104779
107933
119411
107850
103914
103016
101948
101612
116882
87534
120156
118059
90530
110927
104055
88204
103969
88341
85756
119887
89343
125302
94389
328053
346768
428256
467764
100316
91214
105707
108449
89147
101687
99850
106459
84828
130208
91031
117398
98880
105659
99096
94284
96210
86997
99227
92711
89857
86270
96931
103058
91992
98282
134514
104058
96105
97774
119574
91028
89281
91992
95039
121399
90894
89677
88607
90497
109495
88117
105239
122996
95242
109608
221406
206185
315897
127875
12192
12922
13071
12279
11573
11101
11268
11478
13360
22143
15330
12488
19542
31963
22701
24295
17604
16321
16745
25738
13456
17181
17451
23505
17895
25017
19386
17407
17473
23344
17087
15001
18734
17333
19007
17834
124864
100692
108311
107156
109269
99782
93061
90531
110892
93472
98890
86243
111097
88284
101501
110208
84469
109510
100614
101246
102046
101730
111101
95193
100341
111088
90883
89913
101774
97299
87510
87650
97534
101999
88796
130294
94374
122988
91300
101275
111834
110281
120080
624951
621518
761036
503064
150093
283430
388425
467773
369013
427454
141358
13744
12872
13821
8194
11986
11277
15077
13732
20902
9250
20884
13132
23616
25299
17072
17413
17280
16715
27479
15796
44957
41823
15140
17850
1845
28424
26663
19034
16984
16723
33348
17131
20174
24822
22803
17734
21927
36893
74862
115700
100426
88179
100604
156737
138357
16826
25916
28385
29835
25944
16556
19102
25068
16742
17280
19235
14944
17059
25529
19380
65532
108687
89113
89635
111867
107926
101530
87076
88732
103912
88145
102202
104442
95061
95175
98710
94620
102473
138691
28446
17552
17635
16452
17246
27676
15882
13201
23896
25381
25347
18479
34060
17035
31510
14848
17034
16772
26655
32729
17145
17248
18966
16686
15925
15913
15998
33374
31860
26160
28599
22916
75236
24513
103866
73320
88511
83653
130458
105962
129226
177817
20936
18993
35160
35675
13915
29829
36554
17590
19322
16785
16102
16450
18005
28804
17531
24704
19986
16483
17877
18176
16889
17219
16884
33007
25613
30744
26695
26248
71283
120231
81346
102896
89483
101832
115585
110314
99471
100601
124891
103800
115103
116269
1954
227099
12908
25727
20497
17787
17478
17232
17870
16197
20157
38411
17679
32227
38971
24076
26249
18770
17574
16528
19832
33107
32212
14939
23796
27358
23265
19488
24450
17701
17595
17017
67828
98435
81272
2277
127625
90615
100532
109205
95051
87157
105773
89700
107221
89641
88584
90643
89187
114747
87931
88859
110296
122708
39520
19106
25621
24513
13260
30117
25057
17261
16067
20204
18396
16950
24695
17146
17074
16376
19327
14769
26372
18640
14251
18138
39260
25322
23863
17081
26552
30886
17569
43141
16531
28951
24325
24149
17102
19521
14015
38991
26665
16826
18299
14519
118780
90396
115583
113483
110279
87991
98817
97177
92315
107048
90379
103451
91744
115859
96993
88066
112987
102204
90962
96387
99804
89086
97169
84833
88092
95866
98225
100473
118382
89052
106909
97622
103070
120977
100734
89256
112342
109683
98524
107135
98933
109123
103883
99334
113598
89910
107568
106926
97736
125700
88734
87128
93312
99683
86601
87541
86701
108391
89411
86000
124785
103213
163283
154059
100176
109829
109633
93027
105363
87781
95676
99151
110666
104285
99261
96547
114728
101341
88572
95680
98362
102928
116159
87625
120666
85385
100728
127988
150871
120055
110804
88551
118764
106660
97826
87787
107736
121016
122700
102373
107157
102377
98182
101459
96253
96898
187537
21314
12018
21422
13744
16996
12256
12035
11984
20100
12143
23083
10923
32479
24043
23457
27416
30047
28367
38751
26804
18400
25312
18839
38136
52158
94661
107022
91868
95752
110774
125073
220613
168729
274051
94313
94357
93680
113556
98176
89872
112020
100496
89115
87867
109226
102214
92663
103979
100923
88754
95641
91420
110219
90817
103039
92650
89549
87734
110806
109560
115926
99074
114536
94458
105718
104781
102888
88234
91075
106259
95785
114852
105615
113331
162903
125718
18259
12906
12504
11661
11609
11348
11862
11539
11391
16145
21955
13708
17955
14172
24133
30647
19060
16753
17634
17091
16701
16440
13946
19009
14010
60492
39003
26388
22671
15548
32842
21303
22330
24566
17760
50423
86597
72224
89515
89202
84369
87860
133432
89623
320819
214417
329561
411054
116051
98340
96595
90179
89896
89359
91898
100400
88529
135765
32909
19381
15069
21695
20419
21749
37231
39037
19279
21979
17191
17693
18195
17054
29443
16341
14101
35946
33619
127486
116576
111136
102591
92698
91090
99871
89143
103183
128589
184364
131506
148277
111900
114138
89904
93351
105361
88479
112077
99989
100506
107932
88563
88198
95109
97152
105378
85637
88715
87745
88876
94542
86720
87011
94620
103734
91223
101632
92484
107228
142455
97961
94629
85925
88468
88613
93245
87021
85645
106583
88770
84998
95948
86770
89117
103380
96207
86215
94655
158951
93617
107066
104154
104523
101676
87419
104257
86107
88280
105602
87614
125451
278847
252657
367167
572646
247301
345748
111590
116264
85300
110493
92200
88279
87463
133268
110071
103686
105600
95979
100133
128603
96384
115436
99662
94608
99865
109319
107117
83253
88214
95263
121798
14568
9713
11995
11511
29671
20866
19166
12186
11591
14184
15162
17218
53038
38140
19633
14146
14233
18729
18924
17566
30464
17401
28373
16373
39291
24419
19611
30069
13973
32541
27276
15631
75407
68716
64638
111502
89376
87182
96894
95788
112225
116545
95574
97737
96950
103774
90603
101252
96527
98145
89858
109951
95895
96911
111187
123791
132542
98608
105121
90742
94916
97920
90523
89175
86677
85155
102171
96370
84091
91919
105310
102551
112748
110898
106612
97549
86246
95340
96233
90514
88096
87289
87054
93105
88306
89037
95284
119150
13885
13670
20865
13785
13713
12763
11386
11468
11258
21283
8491
25692
22563
22478
34333
15281
17961
17182
17024
16790
25069
16338
18991
14197
18326
47239
32981
17691
17866
13828
16778
16847
18175
17877
16880
16586
16435
20654
26872
18702
40486
35828
15452
17103
17315
25206
23853
42750
17654
17204
16568
73661
66292
124043
99389
113876
119796
109623
99073
114997
101988
114205
103240
91936
84980
103146
102184
103825
88361
93370
88093
111762
102891
101925
91843
111309
99269
102324
100437
96752
83695
87085
88055
103726
111214
114935
107382
88400
92636
101624
103055
86361
91438
90401
101841
90799
88685
108886
159863
22047
14161
9174
23819
10317
15148
8444
12491
16285
13255
21078
19717
24318
31656
14453
31931
27531
15497
25904
25700
15057
34329
14872
17273
17055
16817
31247
30372
33643
41520
32717
20356
19871
19398
17969
24109
18703
16153
18774
18962
18565
89517
202553
27677
17187
14319
17770
24291
18308
28739
17454
17336
18515
15657
20927
112644
109330
110027
124888
160837
147689
113384
117396
87174
89217
87386
106809
86926
89258
95255
96998
98618
85030
104449
86142
88371
95633
95638
94789
105431
88958
96786
83525
89907
85908
98528
115197
89725
88784
104927
138573
136280
23361
21471
15675
13462
17369
13407
22435
11410
40288
16183
29351
30807
14174
17961
40164
26924
19155
17198
18844
26048
17465
17569
15753
19853
24335
18492
17668
25609
18221
28314
16406
17080
28587
14606
28947
27640
135575
104705
102366
62160
138461
92064
93222
90420
89411
112387
97248
104359
187001
175206
253907
12324
23303
17091
16104
17827
14288
17612
18595
17265
17174
22184
16044
21642
43673
17308
20909
32219
14517
35362
29666
27231
14804
39246
26632
14052
37223
46828
19134
35105
23494
18302
20196
18150
17518
17059
16372
99975
115837
97766
101640
114478
118760
92880
107748
102471
108559
89017
109107
88698
88249
220971
191752
102169
107518
90703
96329
115826
101339
86289
98738
88008
98735
89676
106259
102756
97147
84046
113149
87105
88923
102040
97361
118936
90886
110621
88908
91879
113247
91101
103623
102137
88656
97892
85585
89980
91511
85957
107472
112705
106830
86772
98101
100166
92250
91469
101750
102255
102121
83499
89527
96938
96299
98237
84126
87425
86578
89955
88010
88151
107071
89586
99379
101117
102027
88221
99084
102488
92177
88844
94432
92656
83903
86952
87066
113048
108974
101056
87295
132579
95888
101141
103343
86804
117093
89716
95504
97306
87838
96282
88151
105699
86027
101344
98770
112627
95148
121153
97531
95944
108643
225307
174344
256831
14310
8648
14660
20833
20538
13412
12313
12339
17979
13550
14857
17515
18104
14489
21053
28413
26190
18127
31731
26542
18116
18169
17750
30933
17961
18832
25798
29945
18697
24703
20039
25130
17524
17600
17541
17463
17438
132325
18177
17350
25660
26468
14911
12861
99100
108344
97036
89148
104625
111050
108678
99697
102902
104487
113929
102429
85680
103369
111533
90781
122785
121756
97135
96680
93494
100981
91659
94487
103018
97396
97896
90412
89443
110499
85469
116441
113704
110961
97082
103665
106405
90047
93539
92166
105404
93084
101700
108129
97226
118869
101026
112863
109224
105412
95443
232268
103290
97351
89584
95247
105260
102968
85967
91357
91445
91497
97856
104287
103913
96726
148267
193444
13194
12764
20520
13024
20457
12660
12369
12975
12032
12317
21149
13629
12086
12374
22424
27606
14645
45636
31889
25636
17662
17691
17630
17668
17285
39233
32094
28813
36855
14839
23152
21498
39597
38002
15615
17943
17855
17888
16000
17131
102551
101493
113651
114456
269852
189630
292994
94148
113201
96951
99692
90089
87487
100687
125809
99691
101325
117628
105589
109368
103409
135297
94302
106543
118279
102386
103440
89716
125238
107242
94239
205636
182459
13317
13315
8473
13109
12404
13093
19785
14786
20974
12513
25822
8880
37400
28163
19062
18628
17105
18821
16297
16605
17184
14206
17692
16979
15798
17102
17110
15973
17548
20276
16822
13809
27045
22303
18801
28411
34197
24332
19341
25141
25718
17972
17483
18288
24028
20237
44478
35970
112732
165871
184842
18800
24334
27041
26140
17061
31606
17553
19653
19270
25201
17556
19657
15087
30980
24525
19136
18273
20864
23945
31979
17750
16462
17453
18170
17397
17349
15131
52441
93955
111650
126135
111642
221007
228615
18271
17332
17201
31652
14719
27740
17695
17370
25881
18520
31988
18480
18627
24578
18388
15965
31666
18526
45639
27108
25836
14937
17367
13674
18233
17289
16751
17622
74588
17531
117108
110041
122423
94338
108833
120087
166322
26953
18180
17039
16484
17091
19100
14335
20163
36078
31388
29403
17945
27839
17523
18678
17556
19074
16503
20792
15415
25488
25914
28603
16923
17808
27147
30704
69811
88123
107881
84554
122081
89945
99803
97410
108242
89291
97949
87588
89515
114075
102324
89380
105828
109641
89114
96411
119877
102008
88642
91539
85547
106201
94670
98481
99837
113706
90395
114452
104676
117313
107858
104541
99180
96670
107307
95142
123009
103603
87883
88813
89049
89827
88189
94498
100895
113556
111561
103588
111525
89584
103649
116031
86158
115774
88169
233522
247582
143017
100635
126175
119438
122510
95264
124121
96702
105108
102691
100073
102241
87602
92631
105021
103744
104756
106993
102460
97196
85382
113612
94877
94953
125177
100567
91143
91634
89475
98285
113653
113163
103268
119109
228713
220162
366950
168641
95491
96407
110841
89063
123492
103016
87332
108197
88818
91989
100307
100786
145988
154127
11988
13267
11976
12303
11222
11715
9447
12230
9499
12235
8236
12565
11747
11853
12176
11614
18878
23952
22307
30583
25539
19434
17096
24175
30024
22255
19768
14505
17995
51109
108140
96914
88762
91441
116190
107472
128247
106339
129102
116648
101716
110082
112241
103114
88930
88734
97079
85677
89534
95850
86344
89580
87618
99311
85618
97796
97066
97660
90361
86377
87732
92436
86285
100510
84757
90123
90605
101182
86213
90052
89350
115939
95749
96581
99145
96507
88513
89131
88839
87460
87495
102941
92358
87228
97617
91046
123633
102015
97683
115768
96540
101871
96450
96444
123354
98177
124448
92159
89135
102723
88055
88958
106716
110732
108184
180918
137337
26416
17429
19618
18138
12441
25026
11896
11506
10945
11398
11088
11583
10781
32501
10541
8107
8892
24955
18928
17476
22391
17644
43519
38233
14521
18924
23871
29313
20275
16667
32282
28587
25348
21947
21144
22433
15146
26421
26244
17620
53945
65693
85771
99793
96504
90820
87289
99225
85881
88093
106081
88717
87493
101845
121764
102168
110570
94074
116051
89659
98919
107814
96624
101479
94954
108704
112105
101268
153084
189040
112060
89977
113729
126662
98149
106864
87314
88411
88123
97561
88497
86899
88524
107961
89105
107994
220704
96213
166097
174414
98575
123270
105891
98920
90671
102434
107316
87220
222616
213174
281930
104830
108479
122932
108006
108540
90762
111032
108990
94146
96286
90593
92370
105629
102510
165990
144465
13304
12490
17908
20268
13004
11267
16268
8897
13436
13332
12895
21891
12774
24444
50140
39748
38463
21292
22841
13797
37576
25704
25901
17186
17023
17903
16982
16914
17137
44317
16172
32970
42369
89001
109486
102721
103668
90401
117785
93156
124187
115175
102573
107222
85751
95483
86354
89872
101470
98744
89079
90664
89846
87423
172675
102428
104621
107000
95756
131632
109615
625052
816296
917708
433455
503918
101127
116211
96342
128271
113920
114978
102143
106160
108836
97710
107916
100775
97978
101041
90322
86523
94577
101225
87647
161906
167235
13347
21658
9379
14017
17367
22565
19084
14875
15524
16528
7798
21399
38161
23739
18764
14920
32220
27685
16432
32509
19258
22278
40170
15321
26259
29313
17401
66720
74220
94244
100739
92011
115052
95779
103139
106831
89491
125363
103650
97117
105250
97580
102246
90647
137377
25516
18754
17200
14159
20025
26807
15273
14973
18152
17358
69639
73502
89211
92993
99420
98538
88226
118152
102187
99051
109767
95120
113745
104904
111652
107655
108325
110871
91047
107783
108665
113218
125067
115936
91667
95656
105915
104965
87989
102689
92501
88215
93887
100588
94113
107661
87706
111262
108939
93543
101586
113337
88276
98162
92196
88211
106590
87559
92329
87877
88408
95583
107031
105071
89041
88563
107297
105006
98406
109172
104635
93727
114604
101713
87520
90505
107848
107504
114920
99510
101980
97670
93417
102004
114259
96367
90589
100570
95093
108130
104224
117008
107182
92705
100588
108894
100382
101131
87839
91253
104622
97086
88695
88004
94335
108833
88086
108934
100665
99344
87449
89397
90132
95171
96986
84631
87628
179927
172673
281482
107743
108279
108913
99259
89350
114970
98420
108627
108490
105889
126248
111616
142387
105865
109420
105167
108066
86549
120715
102435
92698
94431
113020
88926
122629
92900
107640
106166
102564
105063
101894
94626
93178
86537
89192
89213
95586
86697
88549
86332
88130
86095
87112
88173
95824
102210
84256
102316
94308
89816
101873
241602
214008
97296
102100
91279
94601
104831
87416
117977
13916
17699
12295
11649
12368
22099
12188
12075
11936
13021
11916
13146
33354
25977
31325
14461
19350
17364
17811
31966
90447
116267
109504
97645
128257
119920
96847
94465
111347
90833
110369
97833
87058
96806
87125
97335
84364
89098
97559
90351
98009
86673
134115
20764
13217
10419
33154
30151
26099
17316
13804
17825
40487
24977
17433
18190
38597
14065
18037
22761
18324
17708
16061
17229
15670
17948
52550
107764
78206
108866
142869
85152
106315
99825
105374
110758
90149
89677
88208
111896
88958
83348
102555
95729
90253
102013
100056
96932
106927
106314
100028
156478
160346
106178
97965
107512
87593
98536
104584
110145
108666
105965
118652
104309
101819
89542
104432
110437
115879
92420
112269
101913
88600
87740
93178
152046
21047
10568
22462
13373
10953
12057
14031
12778
11869
23071
20927
11567
12318
13335
29256
26671
42411
22785
13577
26814
15484
19226
28323
17380
19170
14985
18471
32817
38299
39986
18250
20840
21363
14815
16954
33688
18536
19114
17792
15859
17227
104998
67472
98989
100078
113575
124156
189277
160328
105378
88747
104402
98727
88958
90344
106221
89404
89824
103266
109830
107220
98420
93271
94506
93974
106835
106746
119799
107838
88245
98858
123724
89350
102673
88892
95974
99189
86108
176577
178184
100415
107138
112535
104443
90245
104109
92652
106928
124653
124120
105807
130123
107193
89094
105565
110056
98324
106743
90555
89611
96011
84540
90644
109340
94991
87923
97647
107566
97558
15501
1513
1457
1468
1660
1525
1501
1701
110823
2143
105841
1965
1439
109424
1720
1554
110402
89097
1867
109891
2373
117691
119620
92860
237565
185705
83236
103872
1879
91560
2000
91982
101529
89462
1779
155496
128043
11874
20486
13080
1875
12986
19909
11628
12552
12264
14789
8799
22562
22519
13285
30782
24712
17331
18020
16086
19811
26179
24931
19644
15584
18441
25495
52990
62842
71523
119159
106871
106974
102779
101072
2147
1769
94505
92067
107569
89061
93357
90650
97558
87940
105004
2298
93413
91337
82297
103282
107987
96602
113081
107280
1891
120270
117804
114462
2017
94880
98088
96248
101589
107050
106267
101205
105038
110261
108259
98262
120320
11924
14331
2069
13271
10917
1955
14418
12589
12620
14481
8613
22066
14192
13050
23170
20091
17883
19116
18310
25164
25313
31556
17404
17775
22453
2151
18423
24690
13788
17729
15460
52268
100875
85923
71995
103976
88923
96385
97593
99189
114350
97123
98669
85902
2319
104267
2210
94354
115605
150503
124628
39470
17070
19505
24163
14031
24795
14282
19383
26585
17182
17656
17455
52699
126847
104086
100598
107953
103449
116019
101663
103772
107828
91386
92078
89960
90918
1900
113378
95411
89609
101815
98180
98643
100589
107252
102115
111677
100123
88909
2148
97634
162691
154612
103875
106955
87597
89620
97011
99754
86992
94726
109107
89192
103356
102151
89666
110747
85336
157372
95790
121312
108465
106809
118013
99699
89491
87005
98449
85428
91148
86772
88857
85890
97106
96381
103603
103020
97513
86833
98464
94248
89163
1958
109385
103414
146825
12598
12908
17663
12129
11622
11098
11370
14160
9650
13581
16587
2541
13731
13583
14331
24672
32174
26304
19083
32754
45693
15608
20438
28628
20374
21688
18001
17923
17422
18389
24282
19180
18495
13496
2331
26323
67726
52398
65271
52326
113850
2159
162736
266591
244938
340261
106203
102212
108953
111169
107526
99831
88981
115572
100392
134500
91206
100266
96732
94801
95814
92081
95191
2032
94558
92748
90633
97738
106194
97988
95663
97841
119823
117228
106788
104240
96823
94619
104225
97883
90957
108919
87275
2429
110153
106808
102217
125702
122780
116868
106938
103666
101032
82567
87954
88806
103711
91631
96051
86605
85192
102377
94894
89448
95883
85933
88529
104127
87686
90213
106756
87776
97697
89228
99879
86915
89345
90494
87414
89441
103049
117184
115011
110320
99326
114932
1878
97541
109224
109116
104314
104516
108421
98004
95692
102851
88854
106270
99307
89959
89091
102509
86634
102735
87320
106245
87452
91272
108739
110457
102045
93128
106221
109134
117551
118505
100260
106112
105421
111275
96296
113790
88528
87500
93671
97752
108244
98134
123254
101078
100849
110584
106284
108292
111376
120496
87188
108562
98208
87896
88252
120575
90819
124579
101176
100905
108965
105578
92300
96971
98465
89688
90511
101924
109040
2771
132192
102698
96392
100885
93479
104066
85486
94040
104906
117033
109205
96021
85843
93544
87967
109053
2054
135474
123794
129493
97073
125491
114334
111626
107712
106362
1936
84226
92973
115950
108334
99119
88265
98500
89157
102783
101807
92779
93856
105890
91248
101923
96047
98102
103571
110093
86704
87916
106287
88401
86504
87088
94617
89309
91004
109945
2100
115543
86965
107836
90309
86435
116612
98327
98062
138123
13467
12231
20118
12589
12970
12285
11333
11383
22861
19647
12562
12201
19977
88077
86199
158737
148083
104210
129606
112794
123374
116484
95441
117475
87178
101977
102966
118233
122548
108280
108408
106779
96655
234266
222826
118715
103717
88366
100372
139516
107888
122531
87047
121490
108531
109144
108922
109336
95359
103053
94715
86660
88294
106645
120093
107894
130203
99695
106230
107207
94835
106841
87522
86942
87844
119385
86196
89669
90298
113677
114273
97332
122725
107680
116154
87178
119306
199590
13851
12956
19711
11548
11969
11604
13227
20943
12820
10415
20608
12236
27122
19781
80539
96604
97549
103677
92843
88788
89141
90124
113975
82875
99428
99378
101137
104592
116845
117553
116725
98975
121670
89568
92775
86214
98146
85496
89324
96709
98711
109075
102197
86702
157362
155476
104752
112428
114577
91924
98320
98117
98459
84925
101965
86421
101194
99095
2172
94526
105974
96863
89454
89674
89243
89984
89176
88504
87579
102319
122963
112449
107933
98868
91631
109225
88605
98028
115175
88201
98005
93333
114400
166674
162254
21891
16760
12999
22634
12985
12133
12765
12145
12282
14138
14294
8971
21575
25067
35998
28567
14875
23528
26536
14737
13376
25948
26412
18127
17386
17440
13552
18042
19931
17538
32695
14864
18693
75964
67655
98761
70257
96111
93675
103654
96117
114618
92419
104529
113061
119603
115386
187801
119810
99768
90387
102224
98067
95517
86068
102285
111955
122716
100723
107992
104546
84450
102801
92377
97512
114219
18998
11852
11500
12444
11854
12479
20703
29777
26574
17948
16687
13443
27679
14731
35678
27642
17630
16973
16276
15959
17349
17037
2417
18419
20400
28697
28035
17826
26643
22034
15249
18547
25363
17018
27135
16748
16730
52250
106316
88205
172388
213935
177832
176794
250746
108266
89002
113445
86804
184980
162128
132670
136124
389621
272518
355999
441044
517754
112456
95231
104831
97825
99541
107756
92028
88659
112836
105019
130176
130169
108940
104863
91052
113957
102134
91715
90056
100447
92170
108254
94664
114962
131852
170818
180817
98985
117368
101107
86309
116683
85962
96706
96863
86310
88663
89241
95825
108651
103262
126660
104872
111184
97548
89018
83335
94144
104716
88905
89476
99929
115113
91026
95694
98026
89806
98088
97616
85355
110455
88756
96008
85866
89393
85585
90392
105050
99872
106569
100989
103775
107132
89654
87261
126272
87877
110859
90804
97877
82984
94008
109282
90070
88437
92361
2074
115404
88099
112789
257117
184138
90651
109738
112563
88851
96777
94474
100329
83400
95976
83797
89000
102422
88650
112987
101461
101502
95217
109169
102832
97368
97404
113292
107907
87684
89605
90711
87139
106228
103606
105931
121630
169338
177127
127753
103022
91726
100973
97170
101367
88476
93826
87196
86610
91266
110977
103033
109964
121937
105499
85705
94859
98423
120149
112362
114542
107923
98789
93869
105252
112083
86584
104344
91641
88666
103076
87250
87268
109881
112478
98468
105778
109049
129486
91182
95177
118121
12225
13174
20499
19965
10249
15303
21460
11763
12775
12241
19986
12117
15647
9450
85278
88751
108645
90537
127546
91070
109139
88204
101723
82667
88823
89093
93791
93044
97497
82085
87990
102825
85440
87399
87010
86216
89669
99444
104036
96815
114149
104439
86369
88138
87936
2778
101972
88083
107649
118161
91627
118347
87540
114841
82740
104932
110328
97424
85187
108037
101543
84538
87753
106220
106370
90070
102478
109190
91278
106268
115012
90430
103888
104326
90765
97765
93692
105114
108973
129576
270260
217748
378867
499905
267273
106460
87196
111551
119304
95205
107480
95036
99925
98580
104971
111682
104189
98310
105265
111170
99628
94433
105306
86019
88814
99119
96322
119309
121722
141156
102833
93425
252107
223197
357279
152644
96809
86761
98981
90810
107429
121443
108414
95372
93529
100154
98459
104170
93624
96760
99086
96326
82801
88022
87608
85848
95075
91507
97265
91794
98812
99830
96762
94334
89428
88550
100111
91889
85733
86717
86784
103256
88818
106990
118778
102900
100702
119531
123187
99432
114115
114097
113500
112494
91949
87700
90220
92438
96709
100605
89395
87437
114686
100694
119614
106154
98861
105123
91411
108461
87076
93308
92178
102206
111697
107249
95484
86103
99104
107946
85749
85882
89306
110995
95452
91576
94199
104234
99164
95716
102270
101085
98593
87088
92786
93699
100780
100271
101192
122103
96383
97141
112920
93939
98894
102702
98694
107487
106569
95547
116504
116406
103269
89582
86038
87875
91658
87547
87851
118597
85518
91320
98043
87280
98492
90796
92793
88943
94848
91420
88577
103586
115692
105542
125074
11895
17090
28278
22990
9081
14001
13983
12784
16459
123243
80965
103124
84808
100732
118062
101404
115549
112684
116150
113669
94590
87905
92738
101109
89406
94781
90160
99311
113720
87902
122024
129227
117018
87007
113266
108744
90551
91218
110368
103647
88920
91452
114693
86578
122322
104659
110143
100218
99713
95422
100119
110944
120990
102243
88871
100981
85019
94237
99047
118245
101073
113298
103991
87747
87937
86067
87693
146711
183450
132462
11519
20176
12283
12037
10970
18759
12873
12718
18085
17651
24061
36595
21358
18021
20117
27645
17331
24275
25609
16757
31582
82874
99520
115711
2802
161996
182403
132226
107972
102059
99488
113203
132317
33415
34719
32678
64313
121060
103744
119085
93450
135458
133695
88470
90349
89480
94396
89895
87141
88756
87240
95748
95962
95167
86096
97177
83730
110975
95197
126018
98196
109437
86332
87416
88090
102066
97505
150106
141143
19843
15415
33787
33168
18288
23149
21604
23325
14037
40580
19442
18390
19017
16717
18206
18566
21251
27210
29910
59476
119449
99546
94287
124179
107848
105513
90431
105283
92057
96930
159335
154743
55383
37369
20341
22930
39878
14923
59667
121784
92077
87981
85165
92387
88354
87844
100164
110563
91079
85548
91802
103486
88316
97801
101356
93843
89360
87660
87520
99337
99931
92299
88740
92712
111165
100243
97871
103412
87397
89745
87878
110649
87087
95527
80744
100217
101930
87705
94286
110665
92952
86009
85915
84618
106876
105730
99690
89815
94569
88970
98099
113399
100865
96876
107916
91028
89205
88086
97127
113350
115376
116276
89036
111322
93497
89672
108719
87696
118971
100985
107381
112241
86527
89709
95725
87074
90834
103417
97877
88836
89219
110798
102863
119263
100619
99522
113700
91114
96838
98418
87331
88040
96898
111375
91782
101414
92122
89839
97688
102420
98600
110709
106464
87910
115140
102900
106542
90854
132200
86637
89534
96329
98186
106899
100121
89819
127327
112647
109004
99220
97456
123683
108906
149411
13204
13252
21065
12417
11778
11130
11596
11710
11860
11521
27100
12063
12222
11486
16719
22101
23666
23212
23395
17372
25544
31537
14005
17504
18768
24528
19179
17702
47108
105221
140142
87665
93386
113601
101463
90582
89041
112358
109013
91570
99488
99254
87657
120357
100094
117216
95733
95847
103455
94048
97829
96388
93553
87446
87651
88282
117706
101288
139375
382952
275881
367183
456536
109876
116068
94235
103771
88161
99108
110417
88267
107593
94570
89595
131314
89453
105217
121467
90727
95745
105598
99463
102648
103323
100513
101248
105253
125174
107970
100744
133889
104393
109176
98641
120722
113444
101845
100333
94008
89110
114089
86882
103684
220905
187373
12175
11669
10014
12068
11624
12533
12833
14362
10104
13728
23389
13322
16796
10135
24047
27289
19049
18679
17048
16381
16425
16959
14016
17514
28297
29050
13196
18198
28231
17497
24901
34175
19455
29987
55334
122561
109649
112689
118870
89085
127109
89541
115248
113669
120876
121051
103274
96722
101861
112896
94546
95253
164997
17860
18016
17308
24576
39651
19442
14419
18592
22974
40997
35272
13200
18861
27411
37088
19371
19016
70044
101286
85491
113037
98712
88315
101265
104106
106749
108991
98053
103946
89287
114296
117303
105014
115562
110955
87985
87969
122841
26852
13643
17861
17781
14180
17285
19466
13862
37189
21638
13528
19385
25503
17704
17504
16724
16466
17112
25989
16533
18253
15076
16697
26100
17592
25606
13379
16019
17878
18496
24868
82070
107490
98158
98256
99336
89006
93280
98469
87505
89909
97251
98828
93177
87844
90038
87734
86058
95645
96363
96363
105554
94974
84186
87616
97561
100243
100500
83576
94700
84076
96502
87842
87547
117373
104463
89552
109459
88308
101165
84639
95752
84225
90211
97160
89361
95016
96437
131515
13712
29818
15309
25501
15794
14603
11251
12704
18488
12185
11701
12125
29918
24244
19232
35824
44723
25518
24890
18010
16130
17328
25973
16255
16530
16530
16613
17236
17292
15936
23373
18496
23049
18056
13810
16695
16384
18055
17281
17210
17359
2518
31586
19799
28427
24028
17156
16426
22146
14940
47108
84548
111297
90577
103615
90042
113836
99296
87795
91062
98933
99324
104678
108331
108702
98766
115782
99011
87197
104549
105103
113554
90675
89338
97917
87797
89125
86349
104092
89014
93921
87706
117713
90076
95398
82646
102891
86228
88860
95496
96862
96148
112946
92475
89650
88424
96202
86759
87347
108290
92012
85835
100081
88555
112624
85704
99913
91371
89976
101443
114679
113472
89758
95613
107073
110919
88832
88860
90107
103170
93138
107237
102202
99782
122446
114415
111109
106267
89886
107920
90364
110946
101987
92811
97146
89680
97697
87495
89010
96647
84983
88033
87580
88893
95910
111827
92573
90067
94308
92379
90857
115889
101629
108451
99491
89091
98743
97554
105567
85951
107898
83481
92147
95799
103209
86382
88955
101801
104283
90566
95965
96623
108312
83970
89838
103311
87391
92367
106493
91632
88996
105142
125584
139961
13183
13646
18260
17523
23775
8776
16312
13565
12510
19726
13131
13246
12383
12253
23016
25407
28479
35117
18745
30680
36126
27713
19512
17230
16285
29741
24702
13822
50827
32659
57502
20402
74971
75095
104351
96461
100498
112688
99148
112196
200318
184333
304238
113192
101188
86522
89466
89023
86872
88316
96748
98692
83795
89070
96770
88656
111947
97935
89157
108054
89189
91577
90256
90345
89075
172779
151204
13768
21607
8410
13439
23272
17462
17654
16802
22052
17834
14007
30424
24161
33023
14607
22313
26413
14619
18478
18215
16921
16668
2692
19010
17940
17513
17675
18799
25767
20713
14089
16350
18037
16936
25011
36850
16688
18335
35835
16243
25287
26158
52083
75290
124994
30336
17911
16910
24537
17352
16892
17638
17039
26722
16908
16680
16291
17186
16522
17261
17925
17358
17759
15247
19586
15030
36094
35687
19440
14539
18170
15425
76629
75208
72322
17774
69501
196511
130406
18204
25821
19238
19003
16777
19169
38792
40854
13873
19152
17274
18790
16704
33828
14115
19002
18674
27518
16725
26881
20731
55341
97368
102210
96077
102858
89353
94389
87695
94681
95050
109236
102434
87724
130905
146138
123656
17196
24697
17452
17138
17097
16698
17088
20319
16092
26094
17032
22938
17980
17910
16637
18876
14144
26370
26918
27085
27421
